122
122
119
129
119
122
135
134
113
120
145
141
112
124
128
99
101
110
106
140
102
113
127
128
138
125
124
135
116
135
119
131
117
132
134
141
119
135
124
142
114
139
117
138
116
116
125
110
129
130
135
130
106
138
127
121
128
143
118
115
105
136
120
129
110
144
126
140
118
136
144
113
122
127
148
132
143
125
115
142
126
102
127
141
121
149
123
123
114
144
140
69
122
122
119
129
119
122
135
134
113
120
145
141
112
124
128
99
101
110
106
140
102
113
127
128
138
125
124
135
116
135
119
131
117
132
134
141
119
135
124
142
114
139
117
138
116
116
125
110
129
130
135
130
106
138
127
121
128
143
118
115
105
136
120
129
110
144
126
140
118
136
144
113
122
127
148
132
143
125
115
142
126
102
127
141
121
149
123
123
114
144
140
69
122
122
119
129
119
122
135
134
113
120
145
141
112
124
128
99
101
110
106
140
102
113
127
128
138
125
124
135
116
135
119
131
117
132
134
141
119
135
124
142
114
139
117
138
116
116
125
110
129
130
135
130
106
138
127
121
128
143
118
115
105
136
120
129
110
144
126
140
118
136
144
113
122
127
148
132
143
125
115
142
126
102
127
141
121
149
123
123
114
144
140
69
122
122
119
129
119
122
135
134
113
120
145
141
112
124
128
99
101
110
106
140
102
113
127
128
138
125
124
135
116
135
119
131
117
132
134
141
119
135
124
142
114
139
117
138
116
116
125
110
129
130
135
130
106
138
127
121
128
143
118
115
105
136
120
129
110
144
126
140
118
136
144
113
122
127
148
132
143
125
115
142
126
102
127
141
121
149
123
123
114
144
140
69
122
122
119
129
119
122
135
134
113
120
145
141
112
124
128
99
101
110
106
140
102
113
127
128
138
125
124
135
116
135
119
131
117
132
134
141
119
135
124
142
114
139
117
138
116
116
125
110
129
130
135
130
106
138
127
121
128
143
118
115
105
136
120
129
110
144
126
140
118
136
144
113
122
127
148
132
143
125
115
142
126
102
127
141
121
149
123
123
114
144
140
69
122
122
119
129
119
122
135
134
113
120
145
141
112
124
128
99
101
110
106
140
102
113
127
128
138
125
124
135
116
135
119
131
117
132
134
141
119
135
124
142
114
139
117
138
116
116
125
110
129
130
135
130
106
138
127
121
128
143
118
115
105
136
120
129
110
144
126
140
118
136
144
113
122
127
148
132
143
125
115
142
126
102
127
141
121
149
123
123
114
144
140
69
122
122
119
129
119
122
135
134
113
120
145
141
112
124
128
99
101
110
106
140
102
113
127
128
138
125
124
135
116
135
119
131
117
132
134
141
119
135
124
142
114
139
117
138
116
116
125
110
129
130
135
130
106
138
127
121
128
143
118
115
105
136
120
129
110
144
126
140
118
136
144
113
122
127
148
132
143
125
115
142
126
102
127
141
121
149
123
123
114
144
140
69
122
122
119
129
119
122
135
134
113
120
145
141
112
124
128
99
101
110
106
140
102
113
127
128
138
125
124
135
116
135
119
131
117
132
134
141
119
135
124
142
114
139
117
138
116
116
125
110
129
130
135
130
106
138
127
121
128
143
118
115
105
136
120
129
110
144
126
140
118
136
144
113
122
127
148
132
143
125
115
142
126
102
127
141
121
149
123
