107
93
111
102
93
118
112
116
86
102
105
105
106
105
106
107
92
84
110
101
89
121
113
103
109
128
111
103
104
120
106
106
110
114
124
108
110
112
114
115
99
101
103
103
106
108
97
106
114
113
112
87
107
109
113
95
102
102
104
105
114
109
101
99
100
110
103
131
111
118
107
99
103
117
110
111
105
108
95
122
111
102
113
105
113
107
99
99
98
118
114
70
107
93
111
102
93
118
112
116
86
102
105
105
106
105
106
107
92
84
110
101
89
121
113
103
109
128
111
103
104
120
106
106
110
114
124
108
110
112
114
115
99
101
103
103
106
108
97
106
114
113
112
87
107
109
113
95
102
102
104
105
114
109
101
99
100
110
103
131
111
118
107
99
103
117
110
111
105
108
95
122
111
102
113
105
113
107
99
99
98
118
114
70
107
93
111
102
93
118
112
116
86
102
105
105
106
105
106
107
92
84
110
101
89
121
113
103
109
128
111
103
104
120
106
106
110
114
124
108
110
112
114
115
99
101
103
103
106
108
97
106
114
113
112
87
107
109
113
95
102
102
104
105
114
109
101
99
100
110
103
131
111
118
107
99
103
117
110
111
105
108
95
122
111
102
113
105
113
107
99
99
98
118
114
70
107
93
111
102
93
118
112
116
86
102
105
105
106
105
106
107
92
84
110
101
89
121
113
103
109
128
111
103
104
120
106
106
110
114
124
108
110
112
114
115
99
101
103
103
106
108
97
106
114
113
112
87
107
109
113
95
102
102
104
105
114
109
101
99
100
110
103
131
111
118
107
99
103
117
110
111
105
108
95
122
111
102
113
105
113
107
99
99
98
118
114
70
107
93
111
102
93
118
112
116
86
102
105
105
106
105
106
107
92
84
110
101
89
121
113
103
109
128
111
103
104
120
106
106
110
114
124
108
110
112
114
115
99
101
103
103
106
108
97
106
114
113
112
87
107
109
113
95
102
102
104
105
114
109
101
99
100
110
103
131
111
118
107
99
103
117
110
111
105
108
95
122
111
102
113
105
113
107
99
99
98
118
114
70
107
93
111
102
93
118
112
116
86
102
105
105
106
105
106
107
92
84
110
101
89
121
113
103
109
128
111
103
104
120
106
106
110
114
124
108
110
112
114
115
99
101
103
103
106
108
97
106
114
113
112
87
107
109
113
95
102
102
104
105
114
109
101
99
100
110
103
131
111
118
107
99
103
117
110
111
105
108
95
122
111
102
113
105
113
107
99
99
98
118
114
70
107
93
111
102
93
118
112
116
86
102
105
105
106
105
106
107
92
84
110
101
89
121
113
103
109
128
111
103
104
120
106
106
110
114
124
108
110
112
114
115
99
101
103
103
106
108
97
106
114
113
112
87
107
109
113
95
102
102
104
105
114
109
101
99
100
110
103
131
111
118
107
99
103
117
110
111
105
108
95
122
111
102
113
105
113
107
99
99
98
118
114
70
107
93
111
102
93
118
112
116
86
102
105
105
106
105
106
107
92
84
110
101
89
121
113
103
109
128
111
103
104
120
106
106
110
114
124
108
110
112
114
115
99
101
103
103
106
108
97
106
114
113
112
87
107
109
113
95
102
102
104
105
114
109
101
99
100
110
103
131
111
118
107
99
103
117
110
111
105
108
95
122
111
102
113
105
113
107
99
