105
114
133
111
100
121
120
134
99
102
117
119
107
139
113
118
103
100
119
114
98
113
115
97
127
119
102
97
119
125
119
116
98
123
132
111
120
118
117
121
100
119
129
119
124
122
110
112
121
107
132
95
131
115
116
111
116
136
107
120
106
119
114
117
103
126
104
134
128
121
134
101
104
127
130
116
136
117
103
128
113
111
116
106
114
104
109
124
104
134
124
66
105
114
133
111
100
121
120
134
99
102
117
119
107
139
113
118
103
100
119
114
98
113
115
97
127
119
102
97
119
125
119
116
98
123
132
111
120
118
117
121
100
119
129
119
124
122
110
112
121
107
132
95
131
115
116
111
116
136
107
120
106
119
114
117
103
126
104
134
128
121
134
101
104
127
130
116
136
117
103
128
113
111
116
106
114
104
109
124
104
134
124
66
105
114
133
111
100
121
120
134
99
102
117
119
107
139
113
118
103
100
119
114
98
113
115
97
127
119
102
97
119
125
119
116
98
123
132
111
120
118
117
121
100
119
129
119
124
122
110
112
121
107
132
95
131
115
116
111
116
136
107
120
106
119
114
117
103
126
104
134
128
121
134
101
104
127
130
116
136
117
103
128
113
111
116
106
114
104
109
124
104
134
124
66
105
114
133
111
100
121
120
134
99
102
117
119
107
139
113
118
103
100
119
114
98
113
115
97
127
119
102
97
119
125
119
116
98
123
132
111
120
118
117
121
100
119
129
119
124
122
110
112
121
107
132
95
131
115
116
111
116
136
107
120
106
119
114
117
103
126
104
134
128
121
134
101
104
127
130
116
136
117
103
128
113
111
116
106
114
104
109
124
104
134
124
66
105
114
133
111
100
121
120
134
99
102
117
119
107
139
113
118
103
100
119
114
98
113
115
97
127
119
102
97
119
125
119
116
98
123
132
111
120
118
117
121
100
119
129
119
124
122
110
112
121
107
132
95
131
115
116
111
116
136
107
120
106
119
114
117
103
126
104
134
128
121
134
101
104
127
130
116
136
117
103
128
113
111
116
106
114
104
109
124
104
134
124
66
105
114
133
111
100
121
120
134
99
102
117
119
107
139
113
118
103
100
119
114
98
113
115
97
127
119
102
97
119
125
119
116
98
123
132
111
120
118
117
121
100
119
129
119
124
122
110
112
121
107
132
95
131
115
116
111
116
136
107
120
106
119
114
117
103
126
104
134
128
121
134
101
104
127
130
116
136
117
103
128
113
111
116
106
114
104
109
124
104
134
124
66
105
114
133
111
100
121
120
134
99
102
117
119
107
139
113
118
103
100
119
114
98
113
115
97
127
119
102
97
119
125
119
116
98
123
132
111
120
118
117
121
100
119
129
119
124
122
110
112
121
107
132
95
131
115
116
111
116
136
107
120
106
119
114
117
103
126
104
134
128
121
134
101
104
127
130
116
136
117
103
128
113
111
116
106
114
104
109
124
104
134
124
66
105
114
133
111
100
121
120
134
99
102
117
119
107
139
113
118
103
100
119
114
98
113
115
97
127
119
102
97
119
125
119
116
98
123
132
111
120
118
117
121
100
119
129
119
124
122
110
112
121
107
132
95
131
115
116
111
116
136
107
120
106
119
114
117
103
126
104
134
128
121
134
101
104
127
130
116
136
117
103
128
113
111
116
106
114
104
109
