112
92
112
98
109
112
124
122
103
103
104
115
111
117
109
125
89
111
109
125
114
104
106
113
116
118
103
106
105
115
130
106
93
107
101
117
109
109
114
113
98
111
97
103
121
91
97
87
94
120
115
95
98
100
112
99
103
119
90
106
124
103
111
108
102
111
104
132
110
123
105
104
125
124
125
117
120
91
113
131
122
92
111
119
119
116
100
105
103
101
105
63
112
92
112
98
109
112
124
122
103
103
104
115
111
117
109
125
89
111
109
125
114
104
106
113
116
118
103
106
105
115
130
106
93
107
101
117
109
109
114
113
98
111
97
103
121
91
97
87
94
120
115
95
98
100
112
99
103
119
90
106
124
103
111
108
102
111
104
132
110
123
105
104
125
124
125
117
120
91
113
131
122
92
111
119
119
116
100
105
103
101
105
63
112
92
112
98
109
112
124
122
103
103
104
115
111
117
109
125
89
111
109
125
114
104
106
113
116
118
103
106
105
115
130
106
93
107
101
117
109
109
114
113
98
111
97
103
121
91
97
87
94
120
115
95
98
100
112
99
103
119
90
106
124
103
111
108
102
111
104
132
110
123
105
104
125
124
125
117
120
91
113
131
122
92
111
119
119
116
100
105
103
101
105
63
112
92
112
98
109
112
124
122
103
103
104
115
111
117
109
125
89
111
109
125
114
104
106
113
116
118
103
106
105
115
130
106
93
107
101
117
109
109
114
113
98
111
97
103
121
91
97
87
94
120
115
95
98
100
112
99
103
119
90
106
124
103
111
108
102
111
104
132
110
123
105
104
125
124
125
117
120
91
113
131
122
92
111
119
119
116
100
105
103
101
105
63
112
92
112
98
109
112
124
122
103
103
104
115
111
117
109
125
89
111
109
125
114
104
106
113
116
118
103
106
105
115
130
106
93
107
101
117
109
109
114
113
98
111
97
103
121
91
97
87
94
120
115
95
98
100
112
99
103
119
90
106
124
103
111
108
102
111
104
132
110
123
105
104
125
124
125
117
120
91
113
131
122
92
111
119
119
116
100
105
103
101
105
63
112
92
112
98
109
112
124
122
103
103
104
115
111
117
109
125
89
111
109
125
114
104
106
113
116
118
103
106
105
115
130
106
93
107
101
117
109
109
114
113
98
111
97
103
121
91
97
87
94
120
115
95
98
100
112
99
103
119
90
106
124
103
111
108
102
111
104
132
110
123
105
104
125
124
125
117
120
91
113
131
122
92
111
119
119
116
100
105
103
101
105
63
112
92
112
98
109
112
124
122
103
103
104
115
111
117
109
125
89
111
109
125
114
104
106
113
116
118
103
106
105
115
130
106
93
107
101
117
109
109
114
113
98
111
97
103
121
91
97
87
94
120
115
95
98
100
112
99
103
119
90
106
124
103
111
108
102
111
104
132
110
123
105
104
125
124
125
117
120
91
113
131
122
92
111
119
119
116
100
105
103
101
105
63
112
92
112
98
109
112
124
122
103
103
104
115
111
117
109
125
89
111
109
125
114
104
106
113
116
118
103
106
105
115
130
106
93
107
101
117
109
109
114
113
98
111
97
103
121
91
97
87
94
120
115
95
98
100
112
99
103
119
90
106
124
103
111
108
102
111
104
132
110
123
105
104
125
124
125
117
120
91
113
131
122
92
111
119
119
116
100
