110
118
111
119
100
109
105
116
106
126
99
123
108
117
110
102
96
104
113
102
93
113
124
120
116
122
108
109
122
137
117
126
104
114
116
113
119
115
118
108
108
130
104
99
115
95
128
119
111
122
112
95
101
112
112
103
96
108
113
103
110
121
114
121
107
112
101
136
117
120
122
106
114
124
117
99
115
103
120
117
113
120
107
117
109
119
110
109
102
105
117
65
110
118
111
119
100
109
105
116
106
126
99
123
108
117
110
102
96
104
113
102
93
113
124
120
116
122
108
109
122
137
117
126
104
114
116
113
119
115
118
108
108
130
104
99
115
95
128
119
111
122
112
95
101
112
112
103
96
108
113
103
110
121
114
121
107
112
101
136
117
120
122
106
114
124
117
99
115
103
120
117
113
120
107
117
109
119
110
109
102
105
117
65
110
118
111
119
100
109
105
116
106
126
99
123
108
117
110
102
96
104
113
102
93
113
124
120
116
122
108
109
122
137
117
126
104
114
116
113
119
115
118
108
108
130
104
99
115
95
128
119
111
122
112
95
101
112
112
103
96
108
113
103
110
121
114
121
107
112
101
136
117
120
122
106
114
124
117
99
115
103
120
117
113
120
107
117
109
119
110
109
102
105
117
65
110
118
111
119
100
109
105
116
106
126
99
123
108
117
110
102
96
104
113
102
93
113
124
120
116
122
108
109
122
137
117
126
104
114
116
113
119
115
118
108
108
130
104
99
115
95
128
119
111
122
112
95
101
112
112
103
96
108
113
103
110
121
114
121
107
112
101
136
117
120
122
106
114
124
117
99
115
103
120
117
113
120
107
117
109
119
110
109
102
105
117
65
110
118
111
119
100
109
105
116
106
126
99
123
108
117
110
102
96
104
113
102
93
113
124
120
116
122
108
109
122
137
117
126
104
114
116
113
119
115
118
108
108
130
104
99
115
95
128
119
111
122
112
95
101
112
112
103
96
108
113
103
110
121
114
121
107
112
101
136
117
120
122
106
114
124
117
99
115
103
120
117
113
120
107
117
109
119
110
109
102
105
117
65
110
118
111
119
100
109
105
116
106
126
99
123
108
117
110
102
96
104
113
102
93
113
124
120
116
122
108
109
122
137
117
126
104
114
116
113
119
115
118
108
108
130
104
99
115
95
128
119
111
122
112
95
101
112
112
103
96
108
113
103
110
121
114
121
107
112
101
136
117
120
122
106
114
124
117
99
115
103
120
117
113
120
107
117
109
119
110
109
102
105
117
65
110
118
111
119
100
109
105
116
106
126
99
123
108
117
110
102
96
104
113
102
93
113
124
120
116
122
108
109
122
137
117
126
104
114
116
113
119
115
118
108
108
130
104
99
115
95
128
119
111
122
112
95
101
112
112
103
96
108
113
103
110
121
114
121
107
112
101
136
117
120
122
106
114
124
117
99
115
103
120
117
113
120
107
117
109
119
110
109
102
105
117
65
110
118
111
119
100
109
105
116
106
126
99
123
108
117
110
102
96
104
113
102
93
113
124
120
116
122
108
109
122
137
117
126
104
114
116
113
119
115
118
108
108
130
104
99
115
95
128
119
111
122
112
95
101
112
112
103
96
108
113
103
110
121
114
121
107
112
101
136
117
120
122
106
114
124
117
99
115
103
120
117
113
120
107
117
109
119
110
