123
100
108
111
105
93
103
119
90
106
107
115
128
104
110
104
86
118
105
125
93
113
101
117
112
106
110
99
108
119
118
100
105
118
119
117
111
117
89
115
98
102
108
108
116
118
98
96
100
93
110
92
100
108
112
108
123
119
92
102
107
115
116
118
115
108
109
113
126
124
120
97
113
107
108
102
107
108
105
127
114
96
103
120
106
116
121
104
116
103
111
62
123
100
108
111
105
93
103
119
90
106
107
115
128
104
110
104
86
118
105
125
93
113
101
117
112
106
110
99
108
119
118
100
105
118
119
117
111
117
89
115
98
102
108
108
116
118
98
96
100
93
110
92
100
108
112
108
123
119
92
102
107
115
116
118
115
108
109
113
126
124
120
97
113
107
108
102
107
108
105
127
114
96
103
120
106
116
121
104
116
103
111
62
123
100
108
111
105
93
103
119
90
106
107
115
128
104
110
104
86
118
105
125
93
113
101
117
112
106
110
99
108
119
118
100
105
118
119
117
111
117
89
115
98
102
108
108
116
118
98
96
100
93
110
92
100
108
112
108
123
119
92
102
107
115
116
118
115
108
109
113
126
124
120
97
113
107
108
102
107
108
105
127
114
96
103
120
106
116
121
104
116
103
111
62
123
100
108
111
105
93
103
119
90
106
107
115
128
104
110
104
86
118
105
125
93
113
101
117
112
106
110
99
108
119
118
100
105
118
119
117
111
117
89
115
98
102
108
108
116
118
98
96
100
93
110
92
100
108
112
108
123
119
92
102
107
115
116
118
115
108
109
113
126
124
120
97
113
107
108
102
107
108
105
127
114
96
103
120
106
116
121
104
116
103
111
62
123
100
108
111
105
93
103
119
90
106
107
115
128
104
110
104
86
118
105
125
93
113
101
117
112
106
110
99
108
119
118
100
105
118
119
117
111
117
89
115
98
102
108
108
116
118
98
96
100
93
110
92
100
108
112
108
123
119
92
102
107
115
116
118
115
108
109
113
126
124
120
97
113
107
108
102
107
108
105
127
114
96
103
120
106
116
121
104
116
103
111
62
123
100
108
111
105
93
103
119
90
106
107
115
128
104
110
104
86
118
105
125
93
113
101
117
112
106
110
99
108
119
118
100
105
118
119
117
111
117
89
115
98
102
108
108
116
118
98
96
100
93
110
92
100
108
112
108
123
119
92
102
107
115
116
118
115
108
109
113
126
124
120
97
113
107
108
102
107
108
105
127
114
96
103
120
106
116
121
104
116
103
111
62
123
100
108
111
105
93
103
119
90
106
107
115
128
104
110
104
86
118
105
125
93
113
101
117
112
106
110
99
108
119
118
100
105
118
119
117
111
117
89
115
98
102
108
108
116
118
98
96
100
93
110
92
100
108
112
108
123
119
92
102
107
115
116
118
115
108
109
113
126
124
120
97
113
107
108
102
107
108
105
127
114
96
103
120
106
116
121
104
116
103
111
62
123
100
108
111
105
93
103
119
90
106
107
115
128
104
110
104
86
118
105
125
93
113
101
117
112
106
110
99
108
119
118
100
105
118
119
117
111
117
89
115
98
102
108
108
116
118
98
96
100
93
110
92
100
108
112
108
123
119
92
102
107
115
116
118
115
108
109
113
126
124
120
97
113
107
108
102
107
108
105
127
114
96
103
120
106
116
121
