104
109
90
98
105
89
99
97
97
96
103
89
98
97
106
90
87
77
90
111
84
104
109
90
99
86
101
74
88
117
81
103
100
107
105
94
95
98
100
101
91
111
101
101
92
90
89
96
100
107
96
76
83
95
90
103
86
117
106
92
96
101
98
100
99
110
96
102
101
103
110
85
102
98
105
87
107
91
106
107
102
97
93
103
94
102
103
79
92
93
102
64
104
109
90
98
105
89
99
97
97
96
103
89
98
97
106
90
87
77
90
111
84
104
109
90
99
86
101
74
88
117
81
103
100
107
105
94
95
98
100
101
91
111
101
101
92
90
89
96
100
107
96
76
83
95
90
103
86
117
106
92
96
101
98
100
99
110
96
102
101
103
110
85
102
98
105
87
107
91
106
107
102
97
93
103
94
102
103
79
92
93
102
64
104
109
90
98
105
89
99
97
97
96
103
89
98
97
106
90
87
77
90
111
84
104
109
90
99
86
101
74
88
117
81
103
100
107
105
94
95
98
100
101
91
111
101
101
92
90
89
96
100
107
96
76
83
95
90
103
86
117
106
92
96
101
98
100
99
110
96
102
101
103
110
85
102
98
105
87
107
91
106
107
102
97
93
103
94
102
103
79
92
93
102
64
104
109
90
98
105
89
99
97
97
96
103
89
98
97
106
90
87
77
90
111
84
104
109
90
99
86
101
74
88
117
81
103
100
107
105
94
95
98
100
101
91
111
101
101
92
90
89
96
100
107
96
76
83
95
90
103
86
117
106
92
96
101
98
100
99
110
96
102
101
103
110
85
102
98
105
87
107
91
106
107
102
97
93
103
94
102
103
79
92
93
102
64
104
109
90
98
105
89
99
97
97
96
103
89
98
97
106
90
87
77
90
111
84
104
109
90
99
86
101
74
88
117
81
103
100
107
105
94
95
98
100
101
91
111
101
101
92
90
89
96
100
107
96
76
83
95
90
103
86
117
106
92
96
101
98
100
99
110
96
102
101
103
110
85
102
98
105
87
107
91
106
107
102
97
93
103
94
102
103
79
92
93
102
64
104
109
90
98
105
89
99
97
97
96
103
89
98
97
106
90
87
77
90
111
84
104
109
90
99
86
101
74
88
117
81
103
100
107
105
94
95
98
100
101
91
111
101
101
92
90
89
96
100
107
96
76
83
95
90
103
86
117
106
92
96
101
98
100
99
110
96
102
101
103
110
85
102
98
105
87
107
91
106
107
102
97
93
103
94
102
103
79
92
93
102
64
104
109
90
98
105
89
99
97
97
96
103
89
98
97
106
90
87
77
90
111
84
104
109
90
99
86
101
74
88
117
81
103
100
107
105
94
95
98
100
101
91
111
101
101
92
90
89
96
100
107
96
76
83
95
90
103
86
117
106
92
96
101
98
100
99
110
96
102
101
103
110
85
102
98
105
87
107
91
106
107
102
97
93
103
94
102
103
79
92
93
102
64
104
109
90
98
105
89
99
97
97
96
103
89
98
97
106
90
87
77
90
111
84
104
109
90
99
86
101
74
88
117
81
103
100
107
105
94
95
98
100
101
91
111
101
101
92
90
89
96
100
107
96
76
83
95
90
103
86
117
106
92
96
101
98
100
99
110
96
102
101
103
110
85
102
98
105
87
107
91
106
107
102
97
93
103
94
102
103
