100
94
112
108
95
120
115
120
91
107
108
111
116
107
106
102
95
83
120
101
92
131
114
110
109
132
112
108
116
124
113
106
109
113
125
119
115
117
121
120
104
111
105
105
111
109
108
99
112
117
116
89
102
115
112
95
96
107
102
106
114
117
121
99
99
114
113
127
110
124
123
102
112
123
110
114
107
106
97
112
115
103
125
112
117
108
104
102
98
116
120
76
100
94
112
108
95
120
115
120
91
107
108
111
116
107
106
102
95
83
120
101
92
131
114
110
109
132
112
108
116
124
113
106
109
113
125
119
115
117
121
120
104
111
105
105
111
109
108
99
112
117
116
89
102
115
112
95
96
107
102
106
114
117
121
99
99
114
113
127
110
124
123
102
112
123
110
114
107
106
97
112
115
103
125
112
117
108
104
102
98
116
120
76
100
94
112
108
95
120
115
120
91
107
108
111
116
107
106
102
95
83
120
101
92
131
114
110
109
132
112
108
116
124
113
106
109
113
125
119
115
117
121
120
104
111
105
105
111
109
108
99
112
117
116
89
102
115
112
95
96
107
102
106
114
117
121
99
99
114
113
127
110
124
123
102
112
123
110
114
107
106
97
112
115
103
125
112
117
108
104
102
98
116
120
76
100
94
112
108
95
120
115
120
91
107
108
111
116
107
106
102
95
83
120
101
92
131
114
110
109
132
112
108
116
124
113
106
109
113
125
119
115
117
121
120
104
111
105
105
111
109
108
99
112
117
116
89
102
115
112
95
96
107
102
106
114
117
121
99
99
114
113
127
110
124
123
102
112
123
110
114
107
106
97
112
115
103
125
112
117
108
104
102
98
116
120
76
100
94
112
108
95
120
115
120
91
107
108
111
116
107
106
102
95
83
120
101
92
131
114
110
109
132
112
108
116
124
113
106
109
113
125
119
115
117
121
120
104
111
105
105
111
109
108
99
112
117
116
89
102
115
112
95
96
107
102
106
114
117
121
99
99
114
113
127
110
124
123
102
112
123
110
114
107
106
97
112
115
103
125
112
117
108
104
102
98
116
120
76
100
94
112
108
95
120
115
120
91
107
108
111
116
107
106
102
95
83
120
101
92
131
114
110
109
132
112
108
116
124
113
106
109
113
125
119
115
117
121
120
104
111
105
105
111
109
108
99
112
117
116
89
102
115
112
95
96
107
102
106
114
117
121
99
99
114
113
127
110
124
123
102
112
123
110
114
107
106
97
112
115
103
125
112
117
108
104
102
98
116
120
76
100
94
112
108
95
120
115
120
91
107
108
111
116
107
106
102
95
83
120
101
92
131
114
110
109
132
112
108
116
124
113
106
109
113
125
119
115
117
121
120
104
111
105
105
111
109
108
99
112
117
116
89
102
115
112
95
96
107
102
106
114
117
121
99
99
114
113
127
110
124
123
102
112
123
110
114
107
106
97
112
115
103
125
112
117
108
104
102
98
116
120
76
100
94
112
108
95
120
115
120
91
107
108
111
116
107
106
102
95
83
120
101
92
131
114
110
109
132
112
108
116
124
113
106
109
113
125
119
115
117
121
120
104
111
105
105
111
109
108
99
112
117
116
89
102
115
112
95
96
107
102
106
114
117
121
99
99
114
113
127
110
124
123
102
112
123
110
114
107
106
97
112
115
103
125
112
117
108
104
