98
103
90
82
106
89
99
101
97
96
103
89
98
97
106
95
87
77
90
105
84
98
110
88
99
86
101
74
88
113
81
103
99
106
105
94
95
98
87
101
91
111
101
90
92
90
91
82
100
107
96
78
85
95
92
103
86
117
106
92
96
100
98
100
99
110
97
100
101
103
87
78
92
93
105
85
113
96
90
107
102
97
95
103
94
102
103
79
92
93
102
64
98
103
90
82
106
89
99
101
97
96
103
89
98
97
106
95
87
77
90
105
84
98
110
88
99
86
101
74
88
113
81
103
99
106
105
94
95
98
87
101
91
111
101
90
92
90
91
82
100
107
96
78
85
95
92
103
86
117
106
92
96
100
98
100
99
110
97
100
101
103
87
78
92
93
105
85
113
96
90
107
102
97
95
103
94
102
103
79
92
93
102
64
98
103
90
82
106
89
99
101
97
96
103
89
98
97
106
95
87
77
90
105
84
98
110
88
99
86
101
74
88
113
81
103
99
106
105
94
95
98
87
101
91
111
101
90
92
90
91
82
100
107
96
78
85
95
92
103
86
117
106
92
96
100
98
100
99
110
97
100
101
103
87
78
92
93
105
85
113
96
90
107
102
97
95
103
94
102
103
79
92
93
102
64
98
103
90
82
106
89
99
101
97
96
103
89
98
97
106
95
87
77
90
105
84
98
110
88
99
86
101
74
88
113
81
103
99
106
105
94
95
98
87
101
91
111
101
90
92
90
91
82
100
107
96
78
85
95
92
103
86
117
106
92
96
100
98
100
99
110
97
100
101
103
87
78
92
93
105
85
113
96
90
107
102
97
95
103
94
102
103
79
92
93
102
64
98
103
90
82
106
89
99
101
97
96
103
89
98
97
106
95
87
77
90
105
84
98
110
88
99
86
101
74
88
113
81
103
99
106
105
94
95
98
87
101
91
111
101
90
92
90
91
82
100
107
96
78
85
95
92
103
86
117
106
92
96
100
98
100
99
110
97
100
101
103
87
78
92
93
105
85
113
96
90
107
102
97
95
103
94
102
103
79
92
93
102
64
98
103
90
82
106
89
99
101
97
96
103
89
98
97
106
95
87
77
90
105
84
98
110
88
99
86
101
74
88
113
81
103
99
106
105
94
95
98
87
101
91
111
101
90
92
90
91
82
100
107
96
78
85
95
92
103
86
117
106
92
96
100
98
100
99
110
97
100
101
103
87
78
92
93
105
85
113
96
90
107
102
97
95
103
94
102
103
79
92
93
102
64
98
103
90
82
106
89
99
101
97
96
103
89
98
97
106
95
87
77
90
105
84
98
110
88
99
86
101
74
88
113
81
103
99
106
105
94
95
98
87
101
91
111
101
90
92
90
91
82
100
107
96
78
85
95
92
103
86
117
106
92
96
100
98
100
99
110
97
100
101
103
87
78
92
93
105
85
113
96
90
107
102
97
95
103
94
102
103
79
92
93
102
64
98
103
90
82
106
89
99
101
97
96
103
89
98
97
106
95
87
77
90
105
84
98
110
88
99
86
101
74
88
113
81
103
99
106
105
94
95
98
87
101
91
111
101
90
92
90
91
82
100
107
96
78
85
95
92
103
86
117
106
92
96
100
98
100
99
110
97
100
101
103
87
78
92
93
105
85
113
96
90
107
102
97
95
103
94
102
103
