111
115
127
120
99
121
115
135
100
102
112
126
119
129
113
119
101
99
120
107
96
106
116
101
125
122
98
101
119
124
120
108
98
125
124
110
117
118
139
121
94
122
129
129
116
122
110
114
118
103
131
98
131
110
116
103
125
120
108
121
108
132
121
120
112
123
108
134
135
118
134
101
104
139
122
119
136
117
98
134
113
110
114
111
108
105
109
128
106
119
116
66
111
115
127
120
99
121
115
135
100
102
112
126
119
129
113
119
101
99
120
107
96
106
116
101
125
122
98
101
119
124
120
108
98
125
124
110
117
118
139
121
94
122
129
129
116
122
110
114
118
103
131
98
131
110
116
103
125
120
108
121
108
132
121
120
112
123
108
134
135
118
134
101
104
139
122
119
136
117
98
134
113
110
114
111
108
105
109
128
106
119
116
66
111
115
127
120
99
121
115
135
100
102
112
126
119
129
113
119
101
99
120
107
96
106
116
101
125
122
98
101
119
124
120
108
98
125
124
110
117
118
139
121
94
122
129
129
116
122
110
114
118
103
131
98
131
110
116
103
125
120
108
121
108
132
121
120
112
123
108
134
135
118
134
101
104
139
122
119
136
117
98
134
113
110
114
111
108
105
109
128
106
119
116
66
111
115
127
120
99
121
115
135
100
102
112
126
119
129
113
119
101
99
120
107
96
106
116
101
125
122
98
101
119
124
120
108
98
125
124
110
117
118
139
121
94
122
129
129
116
122
110
114
118
103
131
98
131
110
116
103
125
120
108
121
108
132
121
120
112
123
108
134
135
118
134
101
104
139
122
119
136
117
98
134
113
110
114
111
108
105
109
128
106
119
116
66
111
115
127
120
99
121
115
135
100
102
112
126
119
129
113
119
101
99
120
107
96
106
116
101
125
122
98
101
119
124
120
108
98
125
124
110
117
118
139
121
94
122
129
129
116
122
110
114
118
103
131
98
131
110
116
103
125
120
108
121
108
132
121
120
112
123
108
134
135
118
134
101
104
139
122
119
136
117
98
134
113
110
114
111
108
105
109
128
106
119
116
66
111
115
127
120
99
121
115
135
100
102
112
126
119
129
113
119
101
99
120
107
96
106
116
101
125
122
98
101
119
124
120
108
98
125
124
110
117
118
139
121
94
122
129
129
116
122
110
114
118
103
131
98
131
110
116
103
125
120
108
121
108
132
121
120
112
123
108
134
135
118
134
101
104
139
122
119
136
117
98
134
113
110
114
111
108
105
109
128
106
119
116
66
111
115
127
120
99
121
115
135
100
102
112
126
119
129
113
119
101
99
120
107
96
106
116
101
125
122
98
101
119
124
120
108
98
125
124
110
117
118
139
121
94
122
129
129
116
122
110
114
118
103
131
98
131
110
116
103
125
120
108
121
108
132
121
120
112
123
108
134
135
118
134
101
104
139
122
119
136
117
98
134
113
110
114
111
108
105
109
128
106
119
116
66
111
115
127
120
99
121
115
135
100
102
112
126
119
129
113
119
101
99
120
107
96
106
116
101
125
122
98
101
119
124
120
108
98
125
124
110
117
118
139
121
94
122
129
129
116
122
110
114
118
103
131
98
131
110
116
103
125
120
108
121
108
132
121
120
112
123
108
134
135
118
134
101
104
139
122
119
136
117
98
134
113
110
114
111
108
105
109
