108
114
112
115
95
97
105
117
105
105
96
116
111
114
104
102
86
105
112
102
97
115
123
115
121
117
97
103
113
126
113
127
104
126
121
107
116
117
128
115
108
124
103
100
109
90
119
116
100
112
103
89
100
120
108
104
97
107
109
101
104
121
116
123
99
108
97
115
113
117
113
114
116
119
125
95
112
101
117
117
110
113
103
131
108
119
104
104
102
94
115
63
108
114
112
115
95
97
105
117
105
105
96
116
111
114
104
102
86
105
112
102
97
115
123
115
121
117
97
103
113
126
113
127
104
126
121
107
116
117
128
115
108
124
103
100
109
90
119
116
100
112
103
89
100
120
108
104
97
107
109
101
104
121
116
123
99
108
97
115
113
117
113
114
116
119
125
95
112
101
117
117
110
113
103
131
108
119
104
104
102
94
115
63
108
114
112
115
95
97
105
117
105
105
96
116
111
114
104
102
86
105
112
102
97
115
123
115
121
117
97
103
113
126
113
127
104
126
121
107
116
117
128
115
108
124
103
100
109
90
119
116
100
112
103
89
100
120
108
104
97
107
109
101
104
121
116
123
99
108
97
115
113
117
113
114
116
119
125
95
112
101
117
117
110
113
103
131
108
119
104
104
102
94
115
63
108
114
112
115
95
97
105
117
105
105
96
116
111
114
104
102
86
105
112
102
97
115
123
115
121
117
97
103
113
126
113
127
104
126
121
107
116
117
128
115
108
124
103
100
109
90
119
116
100
112
103
89
100
120
108
104
97
107
109
101
104
121
116
123
99
108
97
115
113
117
113
114
116
119
125
95
112
101
117
117
110
113
103
131
108
119
104
104
102
94
115
63
108
114
112
115
95
97
105
117
105
105
96
116
111
114
104
102
86
105
112
102
97
115
123
115
121
117
97
103
113
126
113
127
104
126
121
107
116
117
128
115
108
124
103
100
109
90
119
116
100
112
103
89
100
120
108
104
97
107
109
101
104
121
116
123
99
108
97
115
113
117
113
114
116
119
125
95
112
101
117
117
110
113
103
131
108
119
104
104
102
94
115
63
108
114
112
115
95
97
105
117
105
105
96
116
111
114
104
102
86
105
112
102
97
115
123
115
121
117
97
103
113
126
113
127
104
126
121
107
116
117
128
115
108
124
103
100
109
90
119
116
100
112
103
89
100
120
108
104
97
107
109
101
104
121
116
123
99
108
97
115
113
117
113
114
116
119
125
95
112
101
117
117
110
113
103
131
108
119
104
104
102
94
115
63
108
114
112
115
95
97
105
117
105
105
96
116
111
114
104
102
86
105
112
102
97
115
123
115
121
117
97
103
113
126
113
127
104
126
121
107
116
117
128
115
108
124
103
100
109
90
119
116
100
112
103
89
100
120
108
104
97
107
109
101
104
121
116
123
99
108
97
115
113
117
113
114
116
119
125
95
112
101
117
117
110
113
103
131
108
119
104
104
102
94
115
63
108
114
112
115
95
97
105
117
105
105
96
116
111
114
104
102
86
105
112
102
97
115
123
115
121
117
97
103
113
126
113
127
104
126
121
107
116
117
128
115
108
124
103
100
109
90
119
116
100
112
103
89
100
120
108
104
97
107
109
101
104
121
116
123
99
108
97
115
113
117
113
114
116
119
125
95
112
101
117
117
110
113
103
131
108
119
104
