114
122
108
110
111
93
114
119
114
106
117
99
102
104
103
116
99
100
116
123
88
119
115
110
126
96
116
99
100
119
112
118
107
114
114
102
113
114
97
128
103
113
110
108
113
107
115
110
126
112
114
90
120
92
128
106
104
113
115
111
103
117
115
110
121
114
118
112
105
113
119
91
118
150
110
93
107
114
125
129
96
109
111
103
120
130
118
90
99
100
118
57
114
122
108
110
111
93
114
119
114
106
117
99
102
104
103
116
99
100
116
123
88
119
115
110
126
96
116
99
100
119
112
118
107
114
114
102
113
114
97
128
103
113
110
108
113
107
115
110
126
112
114
90
120
92
128
106
104
113
115
111
103
117
115
110
121
114
118
112
105
113
119
91
118
150
110
93
107
114
125
129
96
109
111
103
120
130
118
90
99
100
118
57
114
122
108
110
111
93
114
119
114
106
117
99
102
104
103
116
99
100
116
123
88
119
115
110
126
96
116
99
100
119
112
118
107
114
114
102
113
114
97
128
103
113
110
108
113
107
115
110
126
112
114
90
120
92
128
106
104
113
115
111
103
117
115
110
121
114
118
112
105
113
119
91
118
150
110
93
107
114
125
129
96
109
111
103
120
130
118
90
99
100
118
57
114
122
108
110
111
93
114
119
114
106
117
99
102
104
103
116
99
100
116
123
88
119
115
110
126
96
116
99
100
119
112
118
107
114
114
102
113
114
97
128
103
113
110
108
113
107
115
110
126
112
114
90
120
92
128
106
104
113
115
111
103
117
115
110
121
114
118
112
105
113
119
91
118
150
110
93
107
114
125
129
96
109
111
103
120
130
118
90
99
100
118
57
114
122
108
110
111
93
114
119
114
106
117
99
102
104
103
116
99
100
116
123
88
119
115
110
126
96
116
99
100
119
112
118
107
114
114
102
113
114
97
128
103
113
110
108
113
107
115
110
126
112
114
90
120
92
128
106
104
113
115
111
103
117
115
110
121
114
118
112
105
113
119
91
118
150
110
93
107
114
125
129
96
109
111
103
120
130
118
90
99
100
118
57
114
122
108
110
111
93
114
119
114
106
117
99
102
104
103
116
99
100
116
123
88
119
115
110
126
96
116
99
100
119
112
118
107
114
114
102
113
114
97
128
103
113
110
108
113
107
115
110
126
112
114
90
120
92
128
106
104
113
115
111
103
117
115
110
121
114
118
112
105
113
119
91
118
150
110
93
107
114
125
129
96
109
111
103
120
130
118
90
99
100
118
57
114
122
108
110
111
93
114
119
114
106
117
99
102
104
103
116
99
100
116
123
88
119
115
110
126
96
116
99
100
119
112
118
107
114
114
102
113
114
97
128
103
113
110
108
113
107
115
110
126
112
114
90
120
92
128
106
104
113
115
111
103
117
115
110
121
114
118
112
105
113
119
91
118
150
110
93
107
114
125
129
96
109
111
103
120
130
118
90
99
100
118
57
114
122
108
110
111
93
114
119
114
106
117
99
102
104
103
116
99
100
116
123
88
119
115
110
126
96
116
99
100
119
112
118
107
114
114
102
113
114
97
128
103
113
110
108
113
107
115
110
126
112
114
90
120
92
128
106
104
113
115
111
103
117
115
110
121
114
118
112
105
113
119
91
118
150
110
93
107
114
125
129
96
109
111
103
120
130
118
