97
90
89
94
93
85
87
91
84
91
94
86
98
87
96
92
76
91
94
92
90
87
92
85
95
87
91
78
82
97
92
92
88
94
99
98
84
89
96
95
85
90
90
88
86
89
96
82
90
92
87
77
80
88
87
88
81
94
87
76
99
95
85
84
89
91
101
107
92
94
91
80
89
87
92
83
94
91
96
97
89
82
87
91
86
85
88
80
83
80
94
47
97
90
89
94
93
85
87
91
84
91
94
86
98
87
96
92
76
91
94
92
90
87
92
85
95
87
91
78
82
97
92
92
88
94
99
98
84
89
96
95
85
90
90
88
86
89
96
82
90
92
87
77
80
88
87
88
81
94
87
76
99
95
85
84
89
91
101
107
92
94
91
80
89
87
92
83
94
91
96
97
89
82
87
91
86
85
88
80
83
80
94
47
97
90
89
94
93
85
87
91
84
91
94
86
98
87
96
92
76
91
94
92
90
87
92
85
95
87
91
78
82
97
92
92
88
94
99
98
84
89
96
95
85
90
90
88
86
89
96
82
90
92
87
77
80
88
87
88
81
94
87
76
99
95
85
84
89
91
101
107
92
94
91
80
89
87
92
83
94
91
96
97
89
82
87
91
86
85
88
80
83
80
94
47
97
90
89
94
93
85
87
91
84
91
94
86
98
87
96
92
76
91
94
92
90
87
92
85
95
87
91
78
82
97
92
92
88
94
99
98
84
89
96
95
85
90
90
88
86
89
96
82
90
92
87
77
80
88
87
88
81
94
87
76
99
95
85
84
89
91
101
107
92
94
91
80
89
87
92
83
94
91
96
97
89
82
87
91
86
85
88
80
83
80
94
47
97
90
89
94
93
85
87
91
84
91
94
86
98
87
96
92
76
91
94
92
90
87
92
85
95
87
91
78
82
97
92
92
88
94
99
98
84
89
96
95
85
90
90
88
86
89
96
82
90
92
87
77
80
88
87
88
81
94
87
76
99
95
85
84
89
91
101
107
92
94
91
80
89
87
92
83
94
91
96
97
89
82
87
91
86
85
88
80
83
80
94
47
97
90
89
94
93
85
87
91
84
91
94
86
98
87
96
92
76
91
94
92
90
87
92
85
95
87
91
78
82
97
92
92
88
94
99
98
84
89
96
95
85
90
90
88
86
89
96
82
90
92
87
77
80
88
87
88
81
94
87
76
99
95
85
84
89
91
101
107
92
94
91
80
89
87
92
83
94
91
96
97
89
82
87
91
86
85
88
80
83
80
94
47
97
90
89
94
93
85
87
91
84
91
94
86
98
87
96
92
76
91
94
92
90
87
92
85
95
87
91
78
82
97
92
92
88
94
99
98
84
89
96
95
85
90
90
88
86
89
96
82
90
92
87
77
80
88
87
88
81
94
87
76
99
95
85
84
89
91
101
107
92
94
91
80
89
87
92
83
94
91
96
97
89
82
87
91
86
85
88
80
83
80
94
47
97
90
89
94
93
85
87
91
84
91
94
86
98
87
96
92
76
91
94
92
90
87
92
85
95
87
91
78
82
97
92
92
88
94
99
98
84
89
96
95
85
90
90
88
86
89
96
82
90
92
87
77
80
88
87
88
81
94
87
76
99
95
85
84
89
91
101
107
92
94
91
80
89
87
92
83
94
91
96
97
89
82
87
91
86
85
88
