105
124
104
109
104
96
110
112
106
103
117
98
114
105
103
108
99
98
114
103
89
114
112
107
122
95
112
99
94
118
105
116
102
117
110
105
113
118
88
128
107
123
106
109
110
105
122
114
125
110
114
90
121
90
109
105
109
108
112
117
102
115
142
99
118
119
114
107
99
113
126
86
116
131
102
94
120
107
118
120
95
110
109
104
125
128
118
91
92
96
118
62
105
124
104
109
104
96
110
112
106
103
117
98
114
105
103
108
99
98
114
103
89
114
112
107
122
95
112
99
94
118
105
116
102
117
110
105
113
118
88
128
107
123
106
109
110
105
122
114
125
110
114
90
121
90
109
105
109
108
112
117
102
115
142
99
118
119
114
107
99
113
126
86
116
131
102
94
120
107
118
120
95
110
109
104
125
128
118
91
92
96
118
62
105
124
104
109
104
96
110
112
106
103
117
98
114
105
103
108
99
98
114
103
89
114
112
107
122
95
112
99
94
118
105
116
102
117
110
105
113
118
88
128
107
123
106
109
110
105
122
114
125
110
114
90
121
90
109
105
109
108
112
117
102
115
142
99
118
119
114
107
99
113
126
86
116
131
102
94
120
107
118
120
95
110
109
104
125
128
118
91
92
96
118
62
105
124
104
109
104
96
110
112
106
103
117
98
114
105
103
108
99
98
114
103
89
114
112
107
122
95
112
99
94
118
105
116
102
117
110
105
113
118
88
128
107
123
106
109
110
105
122
114
125
110
114
90
121
90
109
105
109
108
112
117
102
115
142
99
118
119
114
107
99
113
126
86
116
131
102
94
120
107
118
120
95
110
109
104
125
128
118
91
92
96
118
62
105
124
104
109
104
96
110
112
106
103
117
98
114
105
103
108
99
98
114
103
89
114
112
107
122
95
112
99
94
118
105
116
102
117
110
105
113
118
88
128
107
123
106
109
110
105
122
114
125
110
114
90
121
90
109
105
109
108
112
117
102
115
142
99
118
119
114
107
99
113
126
86
116
131
102
94
120
107
118
120
95
110
109
104
125
128
118
91
92
96
118
62
105
124
104
109
104
96
110
112
106
103
117
98
114
105
103
108
99
98
114
103
89
114
112
107
122
95
112
99
94
118
105
116
102
117
110
105
113
118
88
128
107
123
106
109
110
105
122
114
125
110
114
90
121
90
109
105
109
108
112
117
102
115
142
99
118
119
114
107
99
113
126
86
116
131
102
94
120
107
118
120
95
110
109
104
125
128
118
91
92
96
118
62
105
124
104
109
104
96
110
112
106
103
117
98
114
105
103
108
99
98
114
103
89
114
112
107
122
95
112
99
94
118
105
116
102
117
110
105
113
118
88
128
107
123
106
109
110
105
122
114
125
110
114
90
121
90
109
105
109
108
112
117
102
115
142
99
118
119
114
107
99
113
126
86
116
131
102
94
120
107
118
120
95
110
109
104
125
128
118
91
92
96
118
62
105
124
104
109
104
96
110
112
106
103
117
98
114
105
103
108
99
98
114
103
89
114
112
107
122
95
112
99
94
118
105
116
102
117
110
105
113
118
88
128
107
123
106
109
110
105
122
114
125
110
114
90
121
90
109
105
109
108
112
117
102
115
142
99
118
119
114
107
99
113
126
86
116
131
102
94
120
107
118
120
95
110
109
104
125
128
118
