94
89
95
85
103
82
95
95
94
84
90
89
89
91
91
87
76
73
88
96
90
87
95
85
91
92
91
75
86
104
91
96
91
89
99
90
86
95
87
99
90
95
87
89
92
80
94
97
87
90
89
76
81
84
89
85
94
96
84
80
87
93
87
85
96
91
84
90
91
94
100
80
92
87
94
84
97
82
97
96
84
83
82
88
93
89
86
86
81
90
90
50
94
89
95
85
103
82
95
95
94
84
90
89
89
91
91
87
76
73
88
96
90
87
95
85
91
92
91
75
86
104
91
96
91
89
99
90
86
95
87
99
90
95
87
89
92
80
94
97
87
90
89
76
81
84
89
85
94
96
84
80
87
93
87
85
96
91
84
90
91
94
100
80
92
87
94
84
97
82
97
96
84
83
82
88
93
89
86
86
81
90
90
50
94
89
95
85
103
82
95
95
94
84
90
89
89
91
91
87
76
73
88
96
90
87
95
85
91
92
91
75
86
104
91
96
91
89
99
90
86
95
87
99
90
95
87
89
92
80
94
97
87
90
89
76
81
84
89
85
94
96
84
80
87
93
87
85
96
91
84
90
91
94
100
80
92
87
94
84
97
82
97
96
84
83
82
88
93
89
86
86
81
90
90
50
94
89
95
85
103
82
95
95
94
84
90
89
89
91
91
87
76
73
88
96
90
87
95
85
91
92
91
75
86
104
91
96
91
89
99
90
86
95
87
99
90
95
87
89
92
80
94
97
87
90
89
76
81
84
89
85
94
96
84
80
87
93
87
85
96
91
84
90
91
94
100
80
92
87
94
84
97
82
97
96
84
83
82
88
93
89
86
86
81
90
90
50
94
89
95
85
103
82
95
95
94
84
90
89
89
91
91
87
76
73
88
96
90
87
95
85
91
92
91
75
86
104
91
96
91
89
99
90
86
95
87
99
90
95
87
89
92
80
94
97
87
90
89
76
81
84
89
85
94
96
84
80
87
93
87
85
96
91
84
90
91
94
100
80
92
87
94
84
97
82
97
96
84
83
82
88
93
89
86
86
81
90
90
50
94
89
95
85
103
82
95
95
94
84
90
89
89
91
91
87
76
73
88
96
90
87
95
85
91
92
91
75
86
104
91
96
91
89
99
90
86
95
87
99
90
95
87
89
92
80
94
97
87
90
89
76
81
84
89
85
94
96
84
80
87
93
87
85
96
91
84
90
91
94
100
80
92
87
94
84
97
82
97
96
84
83
82
88
93
89
86
86
81
90
90
50
94
89
95
85
103
82
95
95
94
84
90
89
89
91
91
87
76
73
88
96
90
87
95
85
91
92
91
75
86
104
91
96
91
89
99
90
86
95
87
99
90
95
87
89
92
80
94
97
87
90
89
76
81
84
89
85
94
96
84
80
87
93
87
85
96
91
84
90
91
94
100
80
92
87
94
84
97
82
97
96
84
83
82
88
93
89
86
86
81
90
90
50
94
89
95
85
103
82
95
95
94
84
90
89
89
91
91
87
76
73
88
96
90
87
95
85
91
92
91
75
86
104
91
96
91
89
99
90
86
95
87
99
90
95
87
89
92
80
94
97
87
90
89
76
81
84
89
85
94
96
84
80
87
93
87
85
96
91
84
90
91
94
100
80
92
87
94
84
97
82
97
96
84
83
82
88
93
89
86
