97
105
99
93
95
93
92
98
88
92
100
89
111
108
100
91
77
76
108
102
92
97
99
94
111
98
98
79
97
101
96
89
105
100
91
95
92
102
91
101
91
95
97
150
89
95
90
85
100
91
99
94
104
88
93
92
84
112
91
93
95
98
89
99
89
108
91
105
106
97
87
88
89
91
94
95
104
97
95
111
99
94
92
107
86
100
86
82
98
85
99
45
97
105
99
93
95
93
92
98
88
92
100
89
111
108
100
91
77
76
108
102
92
97
99
94
111
98
98
79
97
101
96
89
105
100
91
95
92
102
91
101
91
95
97
150
89
95
90
85
100
91
99
94
104
88
93
92
84
112
91
93
95
98
89
99
89
108
91
105
106
97
87
88
89
91
94
95
104
97
95
111
99
94
92
107
86
100
86
82
98
85
99
45
97
105
99
93
95
93
92
98
88
92
100
89
111
108
100
91
77
76
108
102
92
97
99
94
111
98
98
79
97
101
96
89
105
100
91
95
92
102
91
101
91
95
97
150
89
95
90
85
100
91
99
94
104
88
93
92
84
112
91
93
95
98
89
99
89
108
91
105
106
97
87
88
89
91
94
95
104
97
95
111
99
94
92
107
86
100
86
82
98
85
99
45
97
105
99
93
95
93
92
98
88
92
100
89
111
108
100
91
77
76
108
102
92
97
99
94
111
98
98
79
97
101
96
89
105
100
91
95
92
102
91
101
91
95
97
150
89
95
90
85
100
91
99
94
104
88
93
92
84
112
91
93
95
98
89
99
89
108
91
105
106
97
87
88
89
91
94
95
104
97
95
111
99
94
92
107
86
100
86
82
98
85
99
45
97
105
99
93
95
93
92
98
88
92
100
89
111
108
100
91
77
76
108
102
92
97
99
94
111
98
98
79
97
101
96
89
105
100
91
95
92
102
91
101
91
95
97
150
89
95
90
85
100
91
99
94
104
88
93
92
84
112
91
93
95
98
89
99
89
108
91
105
106
97
87
88
89
91
94
95
104
97
95
111
99
94
92
107
86
100
86
82
98
85
99
45
97
105
99
93
95
93
92
98
88
92
100
89
111
108
100
91
77
76
108
102
92
97
99
94
111
98
98
79
97
101
96
89
105
100
91
95
92
102
91
101
91
95
97
150
89
95
90
85
100
91
99
94
104
88
93
92
84
112
91
93
95
98
89
99
89
108
91
105
106
97
87
88
89
91
94
95
104
97
95
111
99
94
92
107
86
100
86
82
98
85
99
45
97
105
99
93
95
93
92
98
88
92
100
89
111
108
100
91
77
76
108
102
92
97
99
94
111
98
98
79
97
101
96
89
105
100
91
95
92
102
91
101
91
95
97
150
89
95
90
85
100
91
99
94
104
88
93
92
84
112
91
93
95
98
89
99
89
108
91
105
106
97
87
88
89
91
94
95
104
97
95
111
99
94
92
107
86
100
86
82
98
85
99
45
97
105
99
93
95
93
92
98
88
92
100
89
111
108
100
91
77
76
108
102
92
97
99
94
111
98
98
79
97
101
96
89
105
100
91
95
92
102
91
101
91
95
97
150
89
95
90
85
100
91
99
94
104
88
93
92
84
112
91
93
95
98
89
99
89
108
91
105
106
97
87
88
89
91
94
95
104
97
95
111
99
94
92
107
86
100
86
