118
110
113
107
121
95
92
109
99
113
114
109
110
93
119
98
107
105
118
120
95
116
126
102
117
109
106
94
110
106
110
106
105
126
118
101
110
112
126
106
94
111
109
110
105
88
117
110
117
92
103
92
115
112
122
102
102
134
101
102
135
116
110
106
126
108
103
120
104
133
110
107
133
108
113
111
113
116
119
119
120
101
109
116
122
119
112
92
109
120
135
67
118
110
113
107
121
95
92
109
99
113
114
109
110
93
119
98
107
105
118
120
95
116
126
102
117
109
106
94
110
106
110
106
105
126
118
101
110
112
126
106
94
111
109
110
105
88
117
110
117
92
103
92
115
112
122
102
102
134
101
102
135
116
110
106
126
108
103
120
104
133
110
107
133
108
113
111
113
116
119
119
120
101
109
116
122
119
112
92
109
120
135
67
118
110
113
107
121
95
92
109
99
113
114
109
110
93
119
98
107
105
118
120
95
116
126
102
117
109
106
94
110
106
110
106
105
126
118
101
110
112
126
106
94
111
109
110
105
88
117
110
117
92
103
92
115
112
122
102
102
134
101
102
135
116
110
106
126
108
103
120
104
133
110
107
133
108
113
111
113
116
119
119
120
101
109
116
122
119
112
92
109
120
135
67
118
110
113
107
121
95
92
109
99
113
114
109
110
93
119
98
107
105
118
120
95
116
126
102
117
109
106
94
110
106
110
106
105
126
118
101
110
112
126
106
94
111
109
110
105
88
117
110
117
92
103
92
115
112
122
102
102
134
101
102
135
116
110
106
126
108
103
120
104
133
110
107
133
108
113
111
113
116
119
119
120
101
109
116
122
119
112
92
109
120
135
67
118
110
113
107
121
95
92
109
99
113
114
109
110
93
119
98
107
105
118
120
95
116
126
102
117
109
106
94
110
106
110
106
105
126
118
101
110
112
126
106
94
111
109
110
105
88
117
110
117
92
103
92
115
112
122
102
102
134
101
102
135
116
110
106
126
108
103
120
104
133
110
107
133
108
113
111
113
116
119
119
120
101
109
116
122
119
112
92
109
120
135
67
118
110
113
107
121
95
92
109
99
113
114
109
110
93
119
98
107
105
118
120
95
116
126
102
117
109
106
94
110
106
110
106
105
126
118
101
110
112
126
106
94
111
109
110
105
88
117
110
117
92
103
92
115
112
122
102
102
134
101
102
135
116
110
106
126
108
103
120
104
133
110
107
133
108
113
111
113
116
119
119
120
101
109
116
122
119
112
92
109
120
135
67
118
110
113
107
121
95
92
109
99
113
114
109
110
93
119
98
107
105
118
120
95
116
126
102
117
109
106
94
110
106
110
106
105
126
118
101
110
112
126
106
94
111
109
110
105
88
117
110
117
92
103
92
115
112
122
102
102
134
101
102
135
116
110
106
126
108
103
120
104
133
110
107
133
108
113
111
113
116
119
119
120
101
109
116
122
119
112
92
109
120
135
67
118
110
113
107
121
95
92
109
99
113
114
109
110
93
119
98
107
105
118
120
95
116
126
102
117
109
106
94
110
106
110
106
105
126
118
101
110
112
126
106
94
111
109
110
105
88
117
110
117
92
103
92
115
112
122
102
102
134
101
102
135
116
110
106
126
108
103
120
104
133
110
107
133
108
113
111
113
116
119
119
120
101
109
116
122
119
112
