115
102
107
104
108
91
111
108
104
108
109
111
102
99
110
110
103
93
102
111
85
112
116
115
111
94
100
94
91
111
108
116
101
119
116
105
111
112
95
128
101
118
109
114
106
95
117
107
131
118
109
88
116
90
97
104
111
123
108
112
111
115
106
101
107
107
115
106
105
114
112
84
118
117
110
97
118
94
121
124
106
100
106
107
106
118
108
89
98
101
126
69
115
102
107
104
108
91
111
108
104
108
109
111
102
99
110
110
103
93
102
111
85
112
116
115
111
94
100
94
91
111
108
116
101
119
116
105
111
112
95
128
101
118
109
114
106
95
117
107
131
118
109
88
116
90
97
104
111
123
108
112
111
115
106
101
107
107
115
106
105
114
112
84
118
117
110
97
118
94
121
124
106
100
106
107
106
118
108
89
98
101
126
69
115
102
107
104
108
91
111
108
104
108
109
111
102
99
110
110
103
93
102
111
85
112
116
115
111
94
100
94
91
111
108
116
101
119
116
105
111
112
95
128
101
118
109
114
106
95
117
107
131
118
109
88
116
90
97
104
111
123
108
112
111
115
106
101
107
107
115
106
105
114
112
84
118
117
110
97
118
94
121
124
106
100
106
107
106
118
108
89
98
101
126
69
115
102
107
104
108
91
111
108
104
108
109
111
102
99
110
110
103
93
102
111
85
112
116
115
111
94
100
94
91
111
108
116
101
119
116
105
111
112
95
128
101
118
109
114
106
95
117
107
131
118
109
88
116
90
97
104
111
123
108
112
111
115
106
101
107
107
115
106
105
114
112
84
118
117
110
97
118
94
121
124
106
100
106
107
106
118
108
89
98
101
126
69
115
102
107
104
108
91
111
108
104
108
109
111
102
99
110
110
103
93
102
111
85
112
116
115
111
94
100
94
91
111
108
116
101
119
116
105
111
112
95
128
101
118
109
114
106
95
117
107
131
118
109
88
116
90
97
104
111
123
108
112
111
115
106
101
107
107
115
106
105
114
112
84
118
117
110
97
118
94
121
124
106
100
106
107
106
118
108
89
98
101
126
69
115
102
107
104
108
91
111
108
104
108
109
111
102
99
110
110
103
93
102
111
85
112
116
115
111
94
100
94
91
111
108
116
101
119
116
105
111
112
95
128
101
118
109
114
106
95
117
107
131
118
109
88
116
90
97
104
111
123
108
112
111
115
106
101
107
107
115
106
105
114
112
84
118
117
110
97
118
94
121
124
106
100
106
107
106
118
108
89
98
101
126
69
115
102
107
104
108
91
111
108
104
108
109
111
102
99
110
110
103
93
102
111
85
112
116
115
111
94
100
94
91
111
108
116
101
119
116
105
111
112
95
128
101
118
109
114
106
95
117
107
131
118
109
88
116
90
97
104
111
123
108
112
111
115
106
101
107
107
115
106
105
114
112
84
118
117
110
97
118
94
121
124
106
100
106
107
106
118
108
89
98
101
126
69
115
102
107
104
108
91
111
108
104
108
109
111
102
99
110
110
103
93
102
111
85
112
116
115
111
94
100
94
91
111
108
116
101
119
116
105
111
112
95
128
101
118
109
114
106
95
117
107
131
118
109
88
116
90
97
104
111
123
108
112
111
115
106
101
107
107
115
106
105
114
112
84
118
117
110
97
118
94
121
124
106
100
106
107
106
118
108
