104
103
114
118
97
100
96
119
95
103
108
127
106
111
115
97
108
96
104
109
99
118
133
107
107
105
105
86
105
107
95
107
98
124
106
109
101
117
108
106
114
121
111
106
107
102
120
120
143
131
111
86
105
102
116
120
103
128
101
105
100
120
97
125
114
130
97
113
118
136
117
86
124
110
129
117
140
96
104
122
102
112
106
103
113
114
106
114
107
110
110
55
104
103
114
118
97
100
96
119
95
103
108
127
106
111
115
97
108
96
104
109
99
118
133
107
107
105
105
86
105
107
95
107
98
124
106
109
101
117
108
106
114
121
111
106
107
102
120
120
143
131
111
86
105
102
116
120
103
128
101
105
100
120
97
125
114
130
97
113
118
136
117
86
124
110
129
117
140
96
104
122
102
112
106
103
113
114
106
114
107
110
110
55
104
103
114
118
97
100
96
119
95
103
108
127
106
111
115
97
108
96
104
109
99
118
133
107
107
105
105
86
105
107
95
107
98
124
106
109
101
117
108
106
114
121
111
106
107
102
120
120
143
131
111
86
105
102
116
120
103
128
101
105
100
120
97
125
114
130
97
113
118
136
117
86
124
110
129
117
140
96
104
122
102
112
106
103
113
114
106
114
107
110
110
55
104
103
114
118
97
100
96
119
95
103
108
127
106
111
115
97
108
96
104
109
99
118
133
107
107
105
105
86
105
107
95
107
98
124
106
109
101
117
108
106
114
121
111
106
107
102
120
120
143
131
111
86
105
102
116
120
103
128
101
105
100
120
97
125
114
130
97
113
118
136
117
86
124
110
129
117
140
96
104
122
102
112
106
103
113
114
106
114
107
110
110
55
104
103
114
118
97
100
96
119
95
103
108
127
106
111
115
97
108
96
104
109
99
118
133
107
107
105
105
86
105
107
95
107
98
124
106
109
101
117
108
106
114
121
111
106
107
102
120
120
143
131
111
86
105
102
116
120
103
128
101
105
100
120
97
125
114
130
97
113
118
136
117
86
124
110
129
117
140
96
104
122
102
112
106
103
113
114
106
114
107
110
110
55
104
103
114
118
97
100
96
119
95
103
108
127
106
111
115
97
108
96
104
109
99
118
133
107
107
105
105
86
105
107
95
107
98
124
106
109
101
117
108
106
114
121
111
106
107
102
120
120
143
131
111
86
105
102
116
120
103
128
101
105
100
120
97
125
114
130
97
113
118
136
117
86
124
110
129
117
140
96
104
122
102
112
106
103
113
114
106
114
107
110
110
55
104
103
114
118
97
100
96
119
95
103
108
127
106
111
115
97
108
96
104
109
99
118
133
107
107
105
105
86
105
107
95
107
98
124
106
109
101
117
108
106
114
121
111
106
107
102
120
120
143
131
111
86
105
102
116
120
103
128
101
105
100
120
97
125
114
130
97
113
118
136
117
86
124
110
129
117
140
96
104
122
102
112
106
103
113
114
106
114
107
110
110
55
104
103
114
118
97
100
96
119
95
103
108
127
106
111
115
97
108
96
104
109
99
118
133
107
107
105
105
86
105
107
95
107
98
124
106
109
101
117
108
106
114
121
111
106
107
102
120
120
143
131
111
86
105
102
116
120
103
128
101
105
100
120
97
125
114
130
97
113
118
136
117
86
124
110
129
117
140
96
104
122
102
112
106
103
113
114
106
