111
105
114
120
101
105
100
117
101
103
112
126
112
109
116
99
112
97
107
112
100
118
132
107
107
110
105
88
111
105
99
109
98
124
107
111
101
117
104
110
115
124
113
107
105
103
114
118
129
126
112
90
105
101
119
118
101
129
102
107
98
117
97
125
115
129
100
113
122
136
111
88
124
122
131
122
142
102
104
126
109
114
110
102
116
117
108
118
107
111
114
56
111
105
114
120
101
105
100
117
101
103
112
126
112
109
116
99
112
97
107
112
100
118
132
107
107
110
105
88
111
105
99
109
98
124
107
111
101
117
104
110
115
124
113
107
105
103
114
118
129
126
112
90
105
101
119
118
101
129
102
107
98
117
97
125
115
129
100
113
122
136
111
88
124
122
131
122
142
102
104
126
109
114
110
102
116
117
108
118
107
111
114
56
111
105
114
120
101
105
100
117
101
103
112
126
112
109
116
99
112
97
107
112
100
118
132
107
107
110
105
88
111
105
99
109
98
124
107
111
101
117
104
110
115
124
113
107
105
103
114
118
129
126
112
90
105
101
119
118
101
129
102
107
98
117
97
125
115
129
100
113
122
136
111
88
124
122
131
122
142
102
104
126
109
114
110
102
116
117
108
118
107
111
114
56
111
105
114
120
101
105
100
117
101
103
112
126
112
109
116
99
112
97
107
112
100
118
132
107
107
110
105
88
111
105
99
109
98
124
107
111
101
117
104
110
115
124
113
107
105
103
114
118
129
126
112
90
105
101
119
118
101
129
102
107
98
117
97
125
115
129
100
113
122
136
111
88
124
122
131
122
142
102
104
126
109
114
110
102
116
117
108
118
107
111
114
56
111
105
114
120
101
105
100
117
101
103
112
126
112
109
116
99
112
97
107
112
100
118
132
107
107
110
105
88
111
105
99
109
98
124
107
111
101
117
104
110
115
124
113
107
105
103
114
118
129
126
112
90
105
101
119
118
101
129
102
107
98
117
97
125
115
129
100
113
122
136
111
88
124
122
131
122
142
102
104
126
109
114
110
102
116
117
108
118
107
111
114
56
111
105
114
120
101
105
100
117
101
103
112
126
112
109
116
99
112
97
107
112
100
118
132
107
107
110
105
88
111
105
99
109
98
124
107
111
101
117
104
110
115
124
113
107
105
103
114
118
129
126
112
90
105
101
119
118
101
129
102
107
98
117
97
125
115
129
100
113
122
136
111
88
124
122
131
122
142
102
104
126
109
114
110
102
116
117
108
118
107
111
114
56
111
105
114
120
101
105
100
117
101
103
112
126
112
109
116
99
112
97
107
112
100
118
132
107
107
110
105
88
111
105
99
109
98
124
107
111
101
117
104
110
115
124
113
107
105
103
114
118
129
126
112
90
105
101
119
118
101
129
102
107
98
117
97
125
115
129
100
113
122
136
111
88
124
122
131
122
142
102
104
126
109
114
110
102
116
117
108
118
107
111
114
56
111
105
114
120
101
105
100
117
101
103
112
126
112
109
116
99
112
97
107
112
100
118
132
107
107
110
105
88
111
105
99
109
98
124
107
111
101
117
104
110
115
124
113
107
105
103
114
118
129
126
112
90
105
101
119
118
101
129
102
107
98
117
97
125
115
129
100
113
122
136
111
88
124
122
131
122
142
102
104
126
109
114
110
102
116
117
108
