127
104
130
120
125
113
124
135
108
127
115
113
146
109
124
106
118
103
120
129
105
127
134
150
117
112
115
104
124
118
150
121
110
133
116
103
122
118
116
108
124
131
115
120
113
121
150
112
114
121
115
99
112
118
119
110
136
141
108
116
114
121
120
130
124
140
105
120
123
136
133
96
140
116
138
117
143
116
123
132
122
119
122
119
115
145
123
115
134
122
130
60
127
104
130
120
125
113
124
135
108
127
115
113
146
109
124
106
118
103
120
129
105
127
134
150
117
112
115
104
124
118
150
121
110
133
116
103
122
118
116
108
124
131
115
120
113
121
150
112
114
121
115
99
112
118
119
110
136
141
108
116
114
121
120
130
124
140
105
120
123
136
133
96
140
116
138
117
143
116
123
132
122
119
122
119
115
145
123
115
134
122
130
60
127
104
130
120
125
113
124
135
108
127
115
113
146
109
124
106
118
103
120
129
105
127
134
150
117
112
115
104
124
118
150
121
110
133
116
103
122
118
116
108
124
131
115
120
113
121
150
112
114
121
115
99
112
118
119
110
136
141
108
116
114
121
120
130
124
140
105
120
123
136
133
96
140
116
138
117
143
116
123
132
122
119
122
119
115
145
123
115
134
122
130
60
127
104
130
120
125
113
124
135
108
127
115
113
146
109
124
106
118
103
120
129
105
127
134
150
117
112
115
104
124
118
150
121
110
133
116
103
122
118
116
108
124
131
115
120
113
121
150
112
114
121
115
99
112
118
119
110
136
141
108
116
114
121
120
130
124
140
105
120
123
136
133
96
140
116
138
117
143
116
123
132
122
119
122
119
115
145
123
115
134
122
130
60
127
104
130
120
125
113
124
135
108
127
115
113
146
109
124
106
118
103
120
129
105
127
134
150
117
112
115
104
124
118
150
121
110
133
116
103
122
118
116
108
124
131
115
120
113
121
150
112
114
121
115
99
112
118
119
110
136
141
108
116
114
121
120
130
124
140
105
120
123
136
133
96
140
116
138
117
143
116
123
132
122
119
122
119
115
145
123
115
134
122
130
60
127
104
130
120
125
113
124
135
108
127
115
113
146
109
124
106
118
103
120
129
105
127
134
150
117
112
115
104
124
118
150
121
110
133
116
103
122
118
116
108
124
131
115
120
113
121
150
112
114
121
115
99
112
118
119
110
136
141
108
116
114
121
120
130
124
140
105
120
123
136
133
96
140
116
138
117
143
116
123
132
122
119
122
119
115
145
123
115
134
122
130
60
127
104
130
120
125
113
124
135
108
127
115
113
146
109
124
106
118
103
120
129
105
127
134
150
117
112
115
104
124
118
150
121
110
133
116
103
122
118
116
108
124
131
115
120
113
121
150
112
114
121
115
99
112
118
119
110
136
141
108
116
114
121
120
130
124
140
105
120
123
136
133
96
140
116
138
117
143
116
123
132
122
119
122
119
115
145
123
115
134
122
130
60
127
104
130
120
125
113
124
135
108
127
115
113
146
109
124
106
118
103
120
129
105
127
134
150
117
112
115
104
124
118
150
121
110
133
116
103
122
118
116
108
124
131
115
120
113
121
150
112
114
121
115
99
112
118
119
110
136
141
108
116
114
121
120
130
124
140
105
120
123
136
133
96
140
116
138
117
143
116
123
132
122
119
122
119
115
145
123
