107
103
105
88
119
87
106
95
95
109
92
121
96
106
97
109
87
96
104
108
95
94
105
103
102
118
98
114
101
110
103
113
94
99
99
104
96
115
106
102
90
120
111
102
107
98
110
97
97
90
102
90
101
109
111
107
116
113
96
86
100
113
105
90
101
102
93
101
104
106
100
89
108
108
103
95
106
102
106
124
104
107
100
110
106
105
112
91
105
107
95
59
107
103
105
88
119
87
106
95
95
109
92
121
96
106
97
109
87
96
104
108
95
94
105
103
102
118
98
114
101
110
103
113
94
99
99
104
96
115
106
102
90
120
111
102
107
98
110
97
97
90
102
90
101
109
111
107
116
113
96
86
100
113
105
90
101
102
93
101
104
106
100
89
108
108
103
95
106
102
106
124
104
107
100
110
106
105
112
91
105
107
95
59
107
103
105
88
119
87
106
95
95
109
92
121
96
106
97
109
87
96
104
108
95
94
105
103
102
118
98
114
101
110
103
113
94
99
99
104
96
115
106
102
90
120
111
102
107
98
110
97
97
90
102
90
101
109
111
107
116
113
96
86
100
113
105
90
101
102
93
101
104
106
100
89
108
108
103
95
106
102
106
124
104
107
100
110
106
105
112
91
105
107
95
59
107
103
105
88
119
87
106
95
95
109
92
121
96
106
97
109
87
96
104
108
95
94
105
103
102
118
98
114
101
110
103
113
94
99
99
104
96
115
106
102
90
120
111
102
107
98
110
97
97
90
102
90
101
109
111
107
116
113
96
86
100
113
105
90
101
102
93
101
104
106
100
89
108
108
103
95
106
102
106
124
104
107
100
110
106
105
112
91
105
107
95
59
107
103
105
88
119
87
106
95
95
109
92
121
96
106
97
109
87
96
104
108
95
94
105
103
102
118
98
114
101
110
103
113
94
99
99
104
96
115
106
102
90
120
111
102
107
98
110
97
97
90
102
90
101
109
111
107
116
113
96
86
100
113
105
90
101
102
93
101
104
106
100
89
108
108
103
95
106
102
106
124
104
107
100
110
106
105
112
91
105
107
95
59
107
103
105
88
119
87
106
95
95
109
92
121
96
106
97
109
87
96
104
108
95
94
105
103
102
118
98
114
101
110
103
113
94
99
99
104
96
115
106
102
90
120
111
102
107
98
110
97
97
90
102
90
101
109
111
107
116
113
96
86
100
113
105
90
101
102
93
101
104
106
100
89
108
108
103
95
106
102
106
124
104
107
100
110
106
105
112
91
105
107
95
59
107
103
105
88
119
87
106
95
95
109
92
121
96
106
97
109
87
96
104
108
95
94
105
103
102
118
98
114
101
110
103
113
94
99
99
104
96
115
106
102
90
120
111
102
107
98
110
97
97
90
102
90
101
109
111
107
116
113
96
86
100
113
105
90
101
102
93
101
104
106
100
89
108
108
103
95
106
102
106
124
104
107
100
110
106
105
112
91
105
107
95
59
107
103
105
88
119
87
106
95
95
109
92
121
96
106
97
109
87
96
104
108
95
94
105
103
102
118
98
114
101
110
103
113
94
99
99
104
96
115
106
102
90
120
111
102
107
98
110
97
97
90
102
90
101
109
111
107
116
113
96
86
100
113
105
90
101
102
93
101
104
106
100
89
108
108
103
95
106
102
106
124
104
107
100
110
106
105
112
