1,-3.188396,55.944425,340,-3.1881140922137643,55.944322393957,null
2,-3.1881140922137643,55.944322393957,340,-3.1878321844275286,55.944219787914,null
3,-3.1878321844275286,55.944219787914,340,-3.187550276641293,55.944117181871,null
4,-3.187550276641293,55.944117181871,350,-3.187254834315389,55.9440650874177,null
5,-3.187254834315389,55.9440650874177,340,-3.1869729265291533,55.9439624813747,renew.ears.tend
6,-3.1869729265291533,55.9439624813747,150,-3.187232734150289,55.944112481374695,null
7,-3.187232734150289,55.944112481374695,150,-3.1874925417714244,55.94426248137469,null
8,-3.1874925417714244,55.94426248137469,160,-3.18777444955766,55.944365087417694,thank.salsa.brain
9,-3.18777444955766,55.944365087417694,300,-3.18762444955766,55.94410527979656,null
10,-3.18762444955766,55.94410527979656,300,-3.18747444955766,55.943845472175425,null
11,-3.18747444955766,55.943845472175425,300,-3.18732444955766,55.94358566455429,null
12,-3.18732444955766,55.94358566455429,290,-3.187221843514662,55.94330375676805,scale.chair.kinds
13,-3.187221843514662,55.94330375676805,300,-3.187071843514662,55.94304394914692,valve.elaborate.fortunate
14,-3.187071843514662,55.94304394914692,290,-3.1869692374716645,55.94276204136068,strut.river.surely
15,-3.1869692374716645,55.94276204136068,20,-3.186687329685429,55.94286464740368,null
16,-3.186687329685429,55.94286464740368,20,-3.186405421899193,55.94296725344668,hers.banks.goat
17,-3.186405421899193,55.94296725344668,310,-3.1862125856162873,55.942737440113746,under.retire.bump
18,-3.1862125856162873,55.942737440113746,30,-3.1859527779951518,55.94288744011374,null
19,-3.1859527779951518,55.94288744011374,30,-3.185692970374016,55.94303744011374,toned.deflection.bland
20,-3.185692970374016,55.94303744011374,310,-3.1855001340911104,55.942807626780805,dent.shins.cycle
21,-3.1855001340911104,55.942807626780805,20,-3.1852182263048747,55.942910232823806,null
22,-3.1852182263048747,55.942910232823806,10,-3.184922783978971,55.94296232727711,courier.assume.bill
23,-3.184922783978971,55.94296232727711,60,-3.184772783978971,55.94322213489824,brings.remedy.latter
24,-3.184772783978971,55.94322213489824,130,-3.1849656202618766,55.94345194823118,null
25,-3.1849656202618766,55.94345194823118,130,-3.1851584565447824,55.943681761564115,hello.love.keys
26,-3.1851584565447824,55.943681761564115,140,-3.185388269877718,55.94387459784702,manliness.poem.cliff
27,-3.185388269877718,55.94387459784702,50,-3.1851954335948123,55.94410441117996,null
28,-3.1851954335948123,55.94410441117996,50,-3.1850025973119065,55.94433422451289,null
29,-3.1850025973119065,55.94433422451289,50,-3.1848097610290007,55.94456403784583,null
30,-3.1848097610290007,55.94456403784583,50,-3.184616924746095,55.944793851178765,null
31,-3.184616924746095,55.944793851178765,50,-3.184424088463189,55.9450236645117,sports.topic.clocks
32,-3.184424088463189,55.9450236645117,140,-3.184653901796125,55.94521650079461,null
33,-3.184653901796125,55.94521650079461,140,-3.1848837151290605,55.945409337077514,null
34,-3.1848837151290605,55.945409337077514,150,-3.185143522750196,55.94555933707751,null
35,-3.185143522750196,55.94555933707751,140,-3.185373336083132,55.94575217336042,null
36,-3.185373336083132,55.94575217336042,150,-3.1856331437042673,55.945902173360416,null
37,-3.1856331437042673,55.945902173360416,140,-3.185862957037203,55.94609500964332,renew.slows.basket
38,-3.185862957037203,55.94609500964332,210,-3.1861227646583385,55.945945009643324,null
39,-3.1861227646583385,55.945945009643324,210,-3.186382572279474,55.94579500964333,null
40,-3.186382572279474,55.94579500964333,210,-3.1866423799006096,55.94564500964333,null
41,-3.1866423799006096,55.94564500964333,220,-3.1868721932335453,55.94545217336042,spent.spoon.bolt
42,-3.1868721932335453,55.94545217336042,150,-3.187132000854681,55.94560217336042,null
43,-3.187132000854681,55.94560217336042,200,-3.1874139086409166,55.94549956731742,null
44,-3.1874139086409166,55.94549956731742,170,-3.1877093509668204,55.94555166177072,null
45,-3.1877093509668204,55.94555166177072,200,-3.187991258753056,55.94544905572772,null
46,-3.187991258753056,55.94544905572772,190,-3.18828670107896,55.94539696127442,null
47,-3.18828670107896,55.94539696127442,300,-3.18813670107896,55.945137153653285,agents.mile.crib
48,-3.18813670107896,55.945137153653285,160,-3.1884186088651956,55.945239759696285,null
49,-3.1884186088651956,55.945239759696285,150,-3.188678416486331,55.94538975969628,shady.soft.phones
50,-3.188678416486331,55.94538975969628,80,-3.188626322033031,55.94568520202219,null
51,-3.188626322033031,55.94568520202219,80,-3.188574227579731,55.9459806443481,boost.radar.stress
52,-3.188574227579731,55.9459806443481,180,-3.1888742275797313,55.9459806443481,null
53,-3.1888742275797313,55.9459806443481,180,-3.1891742275797315,55.9459806443481,null
54,-3.1891742275797315,55.9459806443481,190,-3.1894696699056353,55.945928549894795,coherent.saints.stuck
55,-3.1894696699056353,55.945928549894795,280,-3.1894175754523353,55.94563310756889,null
56,-3.1894175754523353,55.94563310756889,280,-3.1893654809990353,55.94533766524298,null
57,-3.1893654809990353,55.94533766524298,280,-3.1893133865457353,55.945042222917074,null
58,-3.1893133865457353,55.945042222917074,280,-3.1892612920924353,55.94474678059117,null
59,-3.1892612920924353,55.94474678059117,280,-3.1892091976391352,55.94445133826526,null
60,-3.1892091976391352,55.94445133826526,290,-3.1891065915961376,55.94416943047902,spoon.invest.every
61,-3.1891065915961376,55.94416943047902,300,-3.1889565915961375,55.94390962285789,noted.friday.jams
62,-3.1889565915961375,55.94390962285789,290,-3.18885398555314,55.94362771507165,null
63,-3.18885398555314,55.94362771507165,300,-3.18870398555314,55.943367907450515,null
64,-3.18870398555314,55.943367907450515,290,-3.188601379510142,55.94308599966428,groups.ideas.script
65,-3.188601379510142,55.94308599966428,190,-3.188896821836046,55.943033905210974,null
66,-3.188896821836046,55.943033905210974,180,-3.1891968218360462,55.943033905210974,region.passes.pencil
67,-3.1891968218360462,55.943033905210974,210,-3.189456629457182,55.94288390521098,null
68,-3.189456629457182,55.94288390521098,190,-3.1897520717830856,55.942831810757674,hooked.shine.third
69,-3.1897520717830856,55.942831810757674,160,-3.1900339795693213,55.942934416800675,second.launch.miles
70,-3.1900339795693213,55.942934416800675,80,-3.1899818851160213,55.94322985912658,null
71,-3.1899818851160213,55.94322985912658,80,-3.1899297906627213,55.94352530145249,null
72,-3.1899297906627213,55.94352530145249,80,-3.1898776962094213,55.943820743778396,null
73,-3.1898776962094213,55.943820743778396,80,-3.1898256017561213,55.9441161861043,cliff.asleep.wedge
74,-3.1898256017561213,55.9441161861043,220,-3.190055415089057,55.9439233498214,null
75,-3.190055415089057,55.9439233498214,220,-3.1902852284219927,55.94373051353849,null
76,-3.1902852284219927,55.94373051353849,220,-3.1905150417549284,55.943537677255584,null
77,-3.1905150417549284,55.943537677255584,220,-3.190744855087864,55.94334484097268,null
78,-3.190744855087864,55.94334484097268,210,-3.1910046627089996,55.94319484097268,null
79,-3.1910046627089996,55.94319484097268,220,-3.1912344760419353,55.943002004689774,else.urban.museum
80,-3.1912344760419353,55.943002004689774,80,-3.1911823815886353,55.94329744701568,null
81,-3.1911823815886353,55.94329744701568,80,-3.1911302871353353,55.94359288934159,loaf.cheer.slave
82,-3.1911302871353353,55.94359288934159,90,-3.1911302871353353,55.94389288934159,null
83,-3.1911302871353353,55.94389288934159,90,-3.1911302871353353,55.94419288934159,hills.giant.crate
84,-3.1911302871353353,55.94419288934159,80,-3.1910781926820353,55.9444883316675,paying.crowd.weep
85,-3.1910781926820353,55.9444883316675,90,-3.1910781926820353,55.9447883316675,estate.gave.votes
86,-3.1910781926820353,55.9447883316675,160,-3.191360100468271,55.944890937710504,null
87,-3.191360100468271,55.944890937710504,170,-3.191655542794175,55.944943032163806,null
88,-3.191655542794175,55.944943032163806,160,-3.1919374505804106,55.94504563820681,null
89,-3.1919374505804106,55.94504563820681,170,-3.1922328929063144,55.94509773266011,useful.hike.trades
90,-3.1922328929063144,55.94509773266011,350,-3.1919374505804106,55.94504563820681,null
91,-3.1919374505804106,55.94504563820681,350,-3.1916420082545067,55.944993543753505,null
92,-3.1916420082545067,55.944993543753505,350,-3.191346565928603,55.9449414493002,null
93,-3.191346565928603,55.9449414493002,350,-3.191051123602699,55.9448893548469,null
94,-3.191051123602699,55.9448893548469,350,-3.190755681276795,55.9448372603936,null
95,-3.190755681276795,55.9448372603936,350,-3.1904602389508914,55.944785165940296,null
96,-3.1904602389508914,55.944785165940296,350,-3.1901647966249875,55.94473307148699,null
97,-3.1901647966249875,55.94473307148699,350,-3.1898693542990837,55.94468097703369,null
98,-3.1898693542990837,55.94468097703369,350,-3.18957391197318,55.94462888258039,null
99,-3.18957391197318,55.94462888258039,350,-3.189278469647276,55.94457678812709,null
100,-3.189278469647276,55.94457678812709,350,-3.188983027321372,55.944524693673785,null
101,-3.188983027321372,55.944524693673785,350,-3.1886875849954683,55.94447259922048,null
