1,-3.1878,55.9444,210.0,-3.188065163241955,55.94454031555551,null
2,-3.188065163241955,55.94454031555551,250.0,-3.187992866750369,55.94424915714964,null
3,-3.187992866750369,55.94424915714964,210.0,-3.188258029992324,55.94438947270515,null
4,-3.188258029992324,55.94438947270515,270.0,-3.187962715407134,55.94433665892121,null
5,-3.187962715407134,55.94433665892121,230.0,-3.1881990241896276,55.944151839659995,rush.crown.link
6,-3.1881990241896276,55.944151839659995,280.0,-3.1884755460635916,55.94403549683375,null
7,-3.1884755460635916,55.94403549683375,320.0,-3.1882044345300002,55.943907050205326,null
8,-3.1882044345300002,55.943907050205326,300.0,-3.1882110635157836,55.943607123453354,null
9,-3.1882110635157836,55.943607123453354,340.0,-3.1879831630227815,55.9438022166754,null
10,-3.1879831630227815,55.9438022166754,280.0,-3.1882596848967455,55.943685873849155,null
11,-3.1882596848967455,55.943685873849155,320.0,-3.187988573363154,55.94355742722073,scare.cubs.resort
12,-3.187988573363154,55.94355742722073,0.0,-3.187688573363154,55.94355742722073,null
13,-3.187688573363154,55.94355742722073,0.0,-3.1873885733631537,55.94355742722073,shut.stands.media
14,-3.1873885733631537,55.94355742722073,300.0,-3.187395202348937,55.94325750046876,scale.chair.kinds
15,-3.187395202348937,55.94325750046876,230.0,-3.1876315111314306,55.943072681207546,null
16,-3.1876315111314306,55.943072681207546,250.0,-3.187559214639845,55.94278152280168,panic.squad.danger
17,-3.187559214639845,55.94278152280168,140.0,-3.187618558712046,55.943075594699515,null
18,-3.187618558712046,55.943075594699515,140.0,-3.1876779027842472,55.94336966659735,null
19,-3.1876779027842472,55.94336966659735,160.0,-3.1879705915780856,55.943435494174864,null
20,-3.1879705915780856,55.943435494174864,160.0,-3.188263280371924,55.94350132175238,null
21,-3.188263280371924,55.94350132175238,140.0,-3.188322624444125,55.94379539365021,null
22,-3.188322624444125,55.94379539365021,160.0,-3.1886153132379635,55.94386122122773,null
23,-3.1886153132379635,55.94386122122773,160.0,-3.188908002031802,55.94392704880524,noted.friday.jams
24,-3.188908002031802,55.94392704880524,180.0,-3.1890875400525194,55.94368670301452,null
25,-3.1890875400525194,55.94368670301452,160.0,-3.1893802288463577,55.943752530592036,null
26,-3.1893802288463577,55.943752530592036,160.0,-3.189672917640196,55.94381835816955,burn.spot.across
27,-3.189672917640196,55.94381835816955,210.0,-3.189938080882151,55.94395867372506,null
28,-3.189938080882151,55.94395867372506,250.0,-3.189865784390565,55.94366751531919,null
29,-3.189865784390565,55.94366751531919,210.0,-3.19013094763252,55.9438078308747,null
30,-3.19013094763252,55.9438078308747,250.0,-3.190058651140934,55.94351667246883,arts.dish.scarcely
31,-3.190058651140934,55.94351667246883,210.0,-3.190323814382889,55.94365698802434,null
32,-3.190323814382889,55.94365698802434,230.0,-3.1905601231653824,55.94347216876312,null
33,-3.1905601231653824,55.94347216876312,250.0,-3.1904878266737966,55.94318101035726,null
34,-3.1904878266737966,55.94318101035726,210.0,-3.1907529899157514,55.94332132591276,null
35,-3.1907529899157514,55.94332132591276,270.0,-3.1904576753305616,55.943268512128824,null
36,-3.1904576753305616,55.943268512128824,210.0,-3.1907228385725164,55.94340882768433,null
37,-3.1907228385725164,55.94340882768433,270.0,-3.1904275239873265,55.94335601390039,null
38,-3.1904275239873265,55.94335601390039,230.0,-3.19066383276982,55.94317119463918,relate.chill.vest
39,-3.19066383276982,55.94317119463918,190.0,-3.1906439407123144,55.94347053442278,null
40,-3.1906439407123144,55.94347053442278,210.0,-3.190909103954269,55.943610849978285,null
41,-3.190909103954269,55.943610849978285,250.0,-3.1908368074626834,55.94331969157242,null
42,-3.1908368074626834,55.94331969157242,210.0,-3.191101970704638,55.943460007127925,null
43,-3.191101970704638,55.943460007127925,270.0,-3.1908066561194484,55.94340719334399,null
44,-3.1908066561194484,55.94340719334399,230.0,-3.191042964901942,55.94322237408277,else.urban.museum
45,-3.191042964901942,55.94322237408277,140.0,-3.191102308974143,55.943516445980606,meal.feed.large
46,-3.191102308974143,55.943516445980606,20.0,-3.190979884355599,55.943790329555824,null
47,-3.190979884355599,55.943790329555824,350.0,-3.1910649743393535,55.943502649708314,null
48,-3.1910649743393535,55.943502649708314,20.0,-3.1909425497208095,55.94377653328353,null
49,-3.1909425497208095,55.94377653328353,350.0,-3.191027639704564,55.94348885343602,null
50,-3.191027639704564,55.94348885343602,20.0,-3.19090521508602,55.94376273701124,null
51,-3.19090521508602,55.94376273701124,350.0,-3.1909903050697745,55.94347505716373,null
52,-3.1909903050697745,55.94347505716373,20.0,-3.1908678804512305,55.94374894073895,null
53,-3.1908678804512305,55.94374894073895,350.0,-3.190952970434985,55.94346126089144,null
54,-3.190952970434985,55.94346126089144,20.0,-3.190830545816441,55.94373514446666,null
55,-3.190830545816441,55.94373514446666,350.0,-3.1909156358001955,55.94344746461915,null
56,-3.1909156358001955,55.94344746461915,20.0,-3.1907932111816515,55.943721348194366,null
57,-3.1907932111816515,55.943721348194366,350.0,-3.190878301165406,55.943433668346856,null
58,-3.190878301165406,55.943433668346856,20.0,-3.190755876546862,55.943707551922074,null
59,-3.190755876546862,55.943707551922074,0.0,-3.190455876546862,55.943707551922074,sculpture.shot.melon
60,-3.190455876546862,55.943707551922074,40.0,-3.1906559579653573,55.94393108587022,null
61,-3.1906559579653573,55.94393108587022,20.0,-3.190533533346813,55.94420496944544,null
62,-3.190533533346813,55.94420496944544,350.0,-3.190618623330568,55.94391728959793,null
63,-3.190618623330568,55.94391728959793,20.0,-3.1904961987120237,55.944191173173145,null
64,-3.1904961987120237,55.944191173173145,350.0,-3.1905812886957783,55.943903493325635,null
65,-3.1905812886957783,55.943903493325635,20.0,-3.1904588640772342,55.94417737690085,null
66,-3.1904588640772342,55.94417737690085,350.0,-3.190543954060989,55.94388969705334,null
67,-3.190543954060989,55.94388969705334,20.0,-3.1904215294424447,55.94416358062856,null
68,-3.1904215294424447,55.94416358062856,350.0,-3.1905066194261993,55.94387590078105,null
69,-3.1905066194261993,55.94387590078105,20.0,-3.1903841948076552,55.94414978435627,null
70,-3.1903841948076552,55.94414978435627,350.0,-3.19046928479141,55.94386210450876,null
71,-3.19046928479141,55.94386210450876,20.0,-3.1903468601728657,55.94413598808398,null
72,-3.1903468601728657,55.94413598808398,350.0,-3.1904319501566203,55.94384830823647,null
73,-3.1904319501566203,55.94384830823647,20.0,-3.1903095255380762,55.94412219181169,null
74,-3.1903095255380762,55.94412219181169,350.0,-3.190394615521831,55.94383451196418,null
75,-3.190394615521831,55.94383451196418,20.0,-3.1902721909032867,55.944108395539395,null
76,-3.1902721909032867,55.944108395539395,350.0,-3.1903572808870413,55.943820715691885,null
77,-3.1903572808870413,55.943820715691885,20.0,-3.1902348562684972,55.9440945992671,null
78,-3.1902348562684972,55.9440945992671,350.0,-3.190319946252252,55.94380691941959,null
79,-3.190319946252252,55.94380691941959,20.0,-3.1901975216337077,55.94408080299481,null
80,-3.1901975216337077,55.94408080299481,0.0,-3.1898975216337075,55.94408080299481,cliff.asleep.wedge
81,-3.1898975216337075,55.94408080299481,0.0,-3.1895975216337074,55.94408080299481,null
82,-3.1895975216337074,55.94408080299481,20.0,-3.1894750970151633,55.94435468657003,null
83,-3.1894750970151633,55.94435468657003,340.0,-3.189247196522161,55.94454977979208,null
84,-3.189247196522161,55.94454977979208,280.0,-3.189523718396125,55.94443343696583,null
85,-3.189523718396125,55.94443343696583,320.0,-3.1892526068625338,55.94430499033741,spoon.invest.every
86,-3.1892526068625338,55.94430499033741,50.0,-3.1889631170539863,55.9442262778813,null
87,-3.1889631170539863,55.9442262778813,70.0,-3.1887731212930603,55.944458445085765,null
88,-3.1887731212930603,55.944458445085765,90.0,-3.188907543377899,55.944726644084845,null
89,-3.188907543377899,55.944726644084845,70.0,-3.188717547616973,55.94495881128931,null
90,-3.188717547616973,55.94495881128931,90.0,-3.188851969701812,55.94522701028839,rooms.lamp.teach
91,-3.188851969701812,55.94522701028839,70.0,-3.188661973940886,55.94545917749286,shady.soft.phones
92,-3.188661973940886,55.94545917749286,0.0,-3.1883619739408857,55.94545917749286,skills.less.herb
93,-3.1883619739408857,55.94545917749286,20.0,-3.1882395493223417,55.945733061068076,null
94,-3.1882395493223417,55.945733061068076,20.0,-3.1881171247037976,55.946006944643294,null
95,-3.1881171247037976,55.946006944643294,350.0,-3.188202214687552,55.945719264795784,null
96,-3.188202214687552,55.945719264795784,20.0,-3.188079790069008,55.945993148371,null
97,-3.188079790069008,55.945993148371,350.0,-3.1881648800527627,55.94570546852349,null
98,-3.1881648800527627,55.94570546852349,20.0,-3.1880424554342186,55.94597935209871,null
99,-3.1880424554342186,55.94597935209871,350.0,-3.188127545417973,55.9456916722512,null
100,-3.188127545417973,55.9456916722512,20.0,-3.188005120799429,55.94596555582642,null
101,-3.188005120799429,55.94596555582642,350.0,-3.1880902107831837,55.94567787597891,null
102,-3.1880902107831837,55.94567787597891,20.0,-3.1879677861646396,55.94595175955413,null
103,-3.1879677861646396,55.94595175955413,350.0,-3.188052876148394,55.94566407970662,null
104,-3.188052876148394,55.94566407970662,20.0,-3.18793045152985,55.945937963281835,null
105,-3.18793045152985,55.945937963281835,0.0,-3.18763045152985,55.945937963281835,null
106,-3.18763045152985,55.945937963281835,0.0,-3.1873304515298497,55.945937963281835,slips.mass.baking
107,-3.1873304515298497,55.945937963281835,340.0,-3.1871025510368476,55.94613305650388,null
108,-3.1871025510368476,55.94613305650388,300.0,-3.187109180022631,55.94583312975191,null
109,-3.187109180022631,55.94583312975191,340.0,-3.186881279529629,55.94602822297396,null
110,-3.186881279529629,55.94602822297396,300.0,-3.1868879085154123,55.945728296221986,hidden.handle.softly
111,-3.1868879085154123,55.945728296221986,270.0,-3.1865925939302224,55.94567548243805,null
112,-3.1865925939302224,55.94567548243805,210.0,-3.1868577571721772,55.94581579799355,null
113,-3.1868577571721772,55.94581579799355,270.0,-3.1865624425869874,55.945762984209615,null
114,-3.1865624425869874,55.945762984209615,230.0,-3.186798751369481,55.9455781649484,spent.spoon.bolt
115,-3.186798751369481,55.9455781649484,280.0,-3.187075273243445,55.945461822122155,null
116,-3.187075273243445,55.945461822122155,280.0,-3.187351795117409,55.94534547929591,null
117,-3.187351795117409,55.94534547929591,300.0,-3.1873584241031923,55.94504555254394,null
118,-3.1873584241031923,55.94504555254394,320.0,-3.187087312569601,55.944917105915515,null
119,-3.187087312569601,55.944917105915515,320.0,-3.1868162010360095,55.94478865928709,null
120,-3.1868162010360095,55.94478865928709,280.0,-3.1870927229099735,55.944672316460846,null
121,-3.1870927229099735,55.944672316460846,340.0,-3.1868648224169713,55.94486740968289,null
122,-3.1868648224169713,55.94486740968289,280.0,-3.1871413442909353,55.94475106685665,null
123,-3.1871413442909353,55.94475106685665,340.0,-3.186913443797933,55.94494616007869,null
124,-3.186913443797933,55.94494616007869,300.0,-3.1869200727837166,55.94464623332672,artist.gets.react
125,-3.1869200727837166,55.94464623332672,0.0,-3.1866200727837164,55.94464623332672,null
126,-3.1866200727837164,55.94464623332672,0.0,-3.186320072783716,55.94464623332672,rated.fired.crowds
127,-3.186320072783716,55.94464623332672,300.0,-3.1863267017694996,55.94434630657475,null
128,-3.1863267017694996,55.94434630657475,300.0,-3.186333330755283,55.94404637982278,null
129,-3.186333330755283,55.94404637982278,320.0,-3.1860622192216916,55.943917933194356,null
130,-3.1860622192216916,55.943917933194356,300.0,-3.186068848207475,55.943618006442385,null
131,-3.186068848207475,55.943618006442385,340.0,-3.185840947714473,55.94381309966443,null
132,-3.185840947714473,55.94381309966443,280.0,-3.186117469588437,55.943696756838186,null
133,-3.186117469588437,55.943696756838186,340.0,-3.1858895690954347,55.94389185006023,null
134,-3.1858895690954347,55.94389185006023,280.0,-3.1861660909693987,55.94377550723399,null
135,-3.1861660909693987,55.94377550723399,320.0,-3.1858949794358074,55.943647060605564,record.sofa.sock
136,-3.1858949794358074,55.943647060605564,300.0,-3.1859016084215908,55.94334713385359,null
137,-3.1859016084215908,55.94334713385359,320.0,-3.1856304968879994,55.94321868722517,toned.deflection.bland
138,-3.1856304968879994,55.94321868722517,270.0,-3.1853351823028095,55.94316587344123,null
139,-3.1853351823028095,55.94316587344123,230.0,-3.185571491085303,55.94298105418002,dent.shins.cycle
140,-3.185571491085303,55.94298105418002,20.0,-3.185449066466759,55.943254937755235,null
141,-3.185449066466759,55.943254937755235,350.0,-3.1855341564505135,55.942967257907725,null
142,-3.1855341564505135,55.942967257907725,20.0,-3.1854117318319695,55.94324114148294,null
143,-3.1854117318319695,55.94324114148294,350.0,-3.185496821815724,55.94295346163543,null
144,-3.185496821815724,55.94295346163543,20.0,-3.18537439719718,55.94322734521065,null
145,-3.18537439719718,55.94322734521065,350.0,-3.1854594871809345,55.94293966536314,null
146,-3.1854594871809345,55.94293966536314,20.0,-3.1853370625623905,55.94321354893836,null
147,-3.1853370625623905,55.94321354893836,350.0,-3.185422152546145,55.94292586909085,null
148,-3.185422152546145,55.94292586909085,20.0,-3.185299727927601,55.94319975266607,null
149,-3.185299727927601,55.94319975266607,350.0,-3.1853848179113555,55.94291207281856,null
150,-3.1853848179113555,55.94291207281856,20.0,-3.1852623932928115,55.943185956393776,null
