1,-3.188396,55.944425,190,-3.188691442325904,55.9443729055467,null
2,-3.188691442325904,55.9443729055467,190,-3.1889868846518077,55.9443208110934,spoon.invest.every
3,-3.1889868846518077,55.9443208110934,190,-3.1892823269777115,55.944268716640096,null
4,-3.1892823269777115,55.944268716640096,190,-3.1895777693036154,55.944216622186794,null
5,-3.1895777693036154,55.944216622186794,220,-3.189807582636551,55.94402378590389,null
6,-3.189807582636551,55.94402378590389,220,-3.1900373959694868,55.94383094962098,null
7,-3.1900373959694868,55.94383094962098,220,-3.1902672093024225,55.943638113338075,null
8,-3.1902672093024225,55.943638113338075,180,-3.1905672093024227,55.943638113338075,null
9,-3.1905672093024227,55.943638113338075,220,-3.1907970226353584,55.94344527705517,null
10,-3.1907970226353584,55.94344527705517,180,-3.1910970226353585,55.94344527705517,meal.feed.large
11,-3.1910970226353585,55.94344527705517,310,-3.1909041863524528,55.94321546372223,null
12,-3.1909041863524528,55.94321546372223,310,-3.190711350069547,55.942985650389296,null
13,-3.190711350069547,55.942985650389296,310,-3.190518513786641,55.94275583705636,tonic.bliss.cove
14,-3.190518513786641,55.94275583705636,50,-3.1903256775037354,55.942985650389296,null
15,-3.1903256775037354,55.942985650389296,50,-3.1901328412208296,55.94321546372223,shows.fries.lamp
16,-3.1901328412208296,55.94321546372223,300,-3.1899828412208295,55.9429556561011,null
17,-3.1899828412208295,55.9429556561011,300,-3.1898328412208294,55.942695848479964,hooked.shine.third
18,-3.1898328412208294,55.942695848479964,60,-3.1896828412208293,55.9429556561011,null
19,-3.1896828412208293,55.9429556561011,10,-3.1893873988949255,55.9430077505544,region.passes.pencil
20,-3.1893873988949255,55.9430077505544,0,-3.1890873988949253,55.9430077505544,null
21,-3.1890873988949253,55.9430077505544,0,-3.188787398894925,55.9430077505544,null
22,-3.188787398894925,55.9430077505544,0,-3.188487398894925,55.9430077505544,null
23,-3.188487398894925,55.9430077505544,340,-3.1882054911086892,55.9429051445114,null
24,-3.1882054911086892,55.9429051445114,340,-3.1879235833224535,55.9428025384684,null
25,-3.1879235833224535,55.9428025384684,340,-3.187641675536218,55.9426999324254,panic.squad.danger
26,-3.187641675536218,55.9426999324254,40,-3.187411862203282,55.942892768708305,null
27,-3.187411862203282,55.942892768708305,40,-3.1871820488703464,55.94308560499121,null
28,-3.1871820488703464,55.94308560499121,50,-3.1869892125874406,55.94331541832415,null
29,-3.1869892125874406,55.94331541832415,120,-3.1871392125874407,55.94357522594528,null
30,-3.1871392125874407,55.94357522594528,120,-3.187289212587441,55.943835033566415,null
31,-3.187289212587441,55.943835033566415,10,-3.186993770261537,55.94388712801972,renew.ears.tend
32,-3.186993770261537,55.94388712801972,20,-3.1867118624753012,55.94398973406272,null
33,-3.1867118624753012,55.94398973406272,20,-3.1864299546890655,55.94409234010572,null
34,-3.1864299546890655,55.94409234010572,20,-3.18614804690283,55.94419494614872,null
35,-3.18614804690283,55.94419494614872,100,-3.18620014135613,55.94449038847463,null
36,-3.18620014135613,55.94449038847463,130,-3.1863929776390356,55.94472020180756,null
37,-3.1863929776390356,55.94472020180756,130,-3.1865858139219414,55.9449500151405,laws.merit.bleak
38,-3.1865858139219414,55.9449500151405,310,-3.1863929776390356,55.94472020180756,null
39,-3.1863929776390356,55.94472020180756,190,-3.1866884199649395,55.94466810735426,artist.gets.react
40,-3.1866884199649395,55.94466810735426,10,-3.1863929776390356,55.94472020180756,null
41,-3.1863929776390356,55.94472020180756,310,-3.18620014135613,55.94449038847463,null
42,-3.18620014135613,55.94449038847463,310,-3.186007305073224,55.94426057514169,null
43,-3.186007305073224,55.94426057514169,40,-3.1857774917402883,55.9444534114246,atoms.vanish.foods
44,-3.1857774917402883,55.9444534114246,300,-3.1856274917402883,55.94419360380346,null
45,-3.1856274917402883,55.94419360380346,300,-3.185477491740288,55.94393379618233,manliness.poem.cliff
46,-3.185477491740288,55.94393379618233,310,-3.1852846554573824,55.94370398284939,hello.love.keys
47,-3.1852846554573824,55.94370398284939,70,-3.1851820494143848,55.94398589063563,null
48,-3.1851820494143848,55.94398589063563,70,-3.185079443371387,55.94426779842187,null
49,-3.185079443371387,55.94426779842187,70,-3.1849768373283895,55.94454970620811,null
50,-3.1849768373283895,55.94454970620811,70,-3.184874231285392,55.944831613994346,slide.leads.stores
51,-3.184874231285392,55.944831613994346,50,-3.184681395002486,55.94506142732728,null
52,-3.184681395002486,55.94506142732728,60,-3.184531395002486,55.945321234948416,settle.title.united
53,-3.184531395002486,55.945321234948416,130,-3.184724231285392,55.94555104828135,null
54,-3.184724231285392,55.94555104828135,140,-3.1849540446183275,55.94574388456426,rider.aura.bulb
55,-3.1849540446183275,55.94574388456426,180,-3.1852540446183277,55.94574388456426,null
56,-3.1852540446183277,55.94574388456426,180,-3.185554044618328,55.94574388456426,shed.desire.muddy
57,-3.185554044618328,55.94574388456426,180,-3.185854044618328,55.94574388456426,null
58,-3.185854044618328,55.94574388456426,180,-3.1861540446183283,55.94574388456426,posts.kicked.universally
59,-3.1861540446183283,55.94574388456426,180,-3.1864540446183285,55.94574388456426,null
60,-3.1864540446183285,55.94574388456426,190,-3.1867494869442323,55.945691790110956,hidden.handle.softly
61,-3.1867494869442323,55.945691790110956,190,-3.187044929270136,55.945639695657654,null
62,-3.187044929270136,55.945639695657654,310,-3.1868520929872304,55.94540988232472,spent.spoon.bolt
63,-3.1868520929872304,55.94540988232472,310,-3.1866592567043246,55.94518006899178,dragon.bottle.crisp
64,-3.1866592567043246,55.94518006899178,130,-3.1868520929872304,55.94540988232472,null
65,-3.1868520929872304,55.94540988232472,140,-3.187081906320166,55.945602718607624,null
66,-3.187081906320166,55.945602718607624,130,-3.187274742603072,55.94583253194056,slips.mass.baking
67,-3.187274742603072,55.94583253194056,200,-3.1875566503893076,55.94572992589756,null
68,-3.1875566503893076,55.94572992589756,200,-3.1878385581755433,55.94562731985456,null
69,-3.1878385581755433,55.94562731985456,200,-3.188120465961779,55.94552471381156,null
70,-3.188120465961779,55.94552471381156,200,-3.1884023737480147,55.94542210776856,null
71,-3.1884023737480147,55.94542210776856,200,-3.1886842815342504,55.94531950172556,null
72,-3.1886842815342504,55.94531950172556,200,-3.188966189320486,55.945216895682556,null
73,-3.188966189320486,55.945216895682556,210,-3.1892259969416217,55.94506689568256,number.exist.rate
74,-3.1892259969416217,55.94506689568256,150,-3.189485804562757,55.945216895682556,null
75,-3.189485804562757,55.945216895682556,140,-3.189715617895693,55.94540973196546,turkey.limit.ramp
76,-3.189715617895693,55.94540973196546,120,-3.189865617895693,55.945669539586596,null
77,-3.189865617895693,55.945669539586596,120,-3.190015617895693,55.94592934720773,love.behind.orchestra
78,-3.190015617895693,55.94592934720773,180,-3.1903156178956933,55.94592934720773,null
79,-3.1903156178956933,55.94592934720773,180,-3.1906156178956935,55.94592934720773,null
80,-3.1906156178956935,55.94592934720773,180,-3.1909156178956937,55.94592934720773,null
81,-3.1909156178956937,55.94592934720773,180,-3.191215617895694,55.94592934720773,simple.rust.audio
82,-3.191215617895694,55.94592934720773,260,-3.191267712348994,55.945633904881824,skins.engage.best
83,-3.191267712348994,55.945633904881824,290,-3.1911651063059963,55.945351997095585,null
84,-3.1911651063059963,55.945351997095585,290,-3.1910625002629986,55.94507008930935,null
85,-3.1910625002629986,55.94507008930935,300,-3.1909125002629986,55.94481028168821,null
86,-3.1909125002629986,55.94481028168821,300,-3.1907625002629985,55.94455047406708,null
87,-3.1907625002629985,55.94455047406708,300,-3.1906125002629984,55.944290666445944,null
88,-3.1906125002629984,55.944290666445944,300,-3.1904625002629983,55.94403085882481,pump.wheels.hulk
89,-3.1904625002629983,55.94403085882481,10,-3.1901670579370944,55.94408295327811,null
90,-3.1901670579370944,55.94408295327811,10,-3.1898716156111906,55.944135047731415,cliff.asleep.wedge
91,-3.1898716156111906,55.944135047731415,330,-3.189611807990055,55.94398504773142,burn.spot.across
92,-3.189611807990055,55.94398504773142,340,-3.1893299002038193,55.943882441688416,null
93,-3.1893299002038193,55.943882441688416,330,-3.189070092582684,55.94373244168842,null
94,-3.189070092582684,55.94373244168842,340,-3.188788184796448,55.94362983564542,labels.hotels.alert
95,-3.188788184796448,55.94362983564542,10,-3.1884927424705443,55.94368193009872,null
96,-3.1884927424705443,55.94368193009872,10,-3.1881973001446404,55.94373402455202,cubs.trucks.help
97,-3.1881973001446404,55.94373402455202,110,-3.188299906187638,55.94401593233826,null
98,-3.188299906187638,55.94401593233826,110,-3.1884025122306356,55.9442978401245,trades.rare.cable
99,-3.1884025122306356,55.9442978401245,100,-3.1884546066839357,55.944593282450406,null
