1,-3.188396,55.944425,280,-3.1883439055467,55.944129557674096,null
2,-3.1883439055467,55.944129557674096,280,-3.1882918110934,55.94383411534819,null
3,-3.1882918110934,55.94383411534819,180,-3.1885918110934,55.94383411534819,null
4,-3.1885918110934,55.94383411534819,290,-3.1884892050504026,55.94355220756195,null
5,-3.1884892050504026,55.94355220756195,190,-3.1887846473763064,55.94350011310865,system.speak.guard
6,-3.1887846473763064,55.94350011310865,120,-3.1889346473763065,55.94375992072978,noted.friday.jams
7,-3.1889346473763065,55.94375992072978,180,-3.1892346473763067,55.94375992072978,null
8,-3.1892346473763067,55.94375992072978,180,-3.189534647376307,55.94375992072978,burn.spot.across
9,-3.189534647376307,55.94375992072978,250,-3.1896372534193045,55.943478012943544,null
10,-3.1896372534193045,55.943478012943544,260,-3.1896893478726045,55.94318257061764,null
11,-3.1896893478726045,55.94318257061764,260,-3.1897414423259045,55.94288712829173,null
12,-3.1897414423259045,55.94288712829173,240,-3.1898914423259046,55.942627320670596,hooked.shine.third
13,-3.1898914423259046,55.942627320670596,140,-3.1901212556588403,55.9428201569535,null
14,-3.1901212556588403,55.9428201569535,140,-3.190351068991776,55.94301299323641,null
15,-3.190351068991776,55.94301299323641,180,-3.190651068991776,55.94301299323641,relate.chill.vest
16,-3.190651068991776,55.94301299323641,180,-3.1909510689917764,55.94301299323641,null
17,-3.1909510689917764,55.94301299323641,180,-3.1912510689917766,55.94301299323641,else.urban.museum
18,-3.1912510689917766,55.94301299323641,80,-3.1911989745384766,55.943308435562315,null
19,-3.1911989745384766,55.943308435562315,80,-3.1911468800851766,55.94360387788822,loaf.cheer.slave
20,-3.1911468800851766,55.94360387788822,350,-3.1908514377592727,55.94355178343492,null
21,-3.1908514377592727,55.94355178343492,350,-3.190555995433369,55.94349968898162,null
22,-3.190555995433369,55.94349968898162,350,-3.190260553107465,55.943447594528315,arts.dish.scarcely
23,-3.190260553107465,55.943447594528315,100,-3.190312647560765,55.94374303685422,sculpture.shot.melon
24,-3.190312647560765,55.94374303685422,120,-3.190462647560765,55.94400284447536,pump.wheels.hulk
25,-3.190462647560765,55.94400284447536,120,-3.1906126475607652,55.94426265209649,null
26,-3.1906126475607652,55.94426265209649,150,-3.1908724551819008,55.94441265209649,null
27,-3.1908724551819008,55.94441265209649,120,-3.191022455181901,55.94467245971762,estate.gave.votes
28,-3.191022455181901,55.94467245971762,80,-3.190970360728601,55.94496790204353,null
29,-3.190970360728601,55.94496790204353,100,-3.191022455181901,55.94526334436944,maple.limit.hotels
30,-3.191022455181901,55.94526334436944,140,-3.1912522685148366,55.94545618065234,null
31,-3.1912522685148366,55.94545618065234,140,-3.1914820818477723,55.94564901693525,null
32,-3.1914820818477723,55.94564901693525,140,-3.191711895180708,55.945841853218155,null
33,-3.191711895180708,55.945841853218155,140,-3.1919417085136437,55.94603468950106,stone.undulation.poems
34,-3.1919417085136437,55.94603468950106,0,-3.1916417085136435,55.94603468950106,null
35,-3.1916417085136435,55.94603468950106,0,-3.1913417085136433,55.94603468950106,null
36,-3.1913417085136433,55.94603468950106,0,-3.191041708513643,55.94603468950106,null
37,-3.191041708513643,55.94603468950106,0,-3.190741708513643,55.94603468950106,null
38,-3.190741708513643,55.94603468950106,0,-3.1904417085136427,55.94603468950106,null
39,-3.1904417085136427,55.94603468950106,0,-3.1901417085136425,55.94603468950106,love.behind.orchestra
40,-3.1901417085136425,55.94603468950106,320,-3.189911895180707,55.945841853218155,null
41,-3.189911895180707,55.945841853218155,0,-3.1896118951807066,55.945841853218155,null
42,-3.1896118951807066,55.945841853218155,310,-3.189419058897801,55.94561203988522,museum.spicy.horns
43,-3.189419058897801,55.94561203988522,30,-3.1891592512766653,55.94576203988522,null
44,-3.1891592512766653,55.94576203988522,30,-3.18889944365553,55.945912039885215,null
45,-3.18889944365553,55.945912039885215,20,-3.188617535869294,55.946014645928216,boost.radar.stress
46,-3.188617535869294,55.946014645928216,300,-3.188467535869294,55.94575483830708,bend.tubes.chops
47,-3.188467535869294,55.94575483830708,300,-3.188317535869294,55.94549503068595,skills.less.herb
48,-3.188317535869294,55.94549503068595,300,-3.188167535869294,55.94523522306481,null
49,-3.188167535869294,55.94523522306481,300,-3.1880175358692937,55.94497541544368,null
50,-3.1880175358692937,55.94497541544368,300,-3.1878675358692936,55.944715607822545,hurt.green.filer
51,-3.1878675358692936,55.944715607822545,290,-3.187764929826296,55.944433700036306,thank.salsa.brain
52,-3.187764929826296,55.944433700036306,10,-3.187469487500392,55.94448579448961,null
53,-3.187469487500392,55.94448579448961,10,-3.1871740451744883,55.94453788894291,null
54,-3.1871740451744883,55.94453788894291,10,-3.1868786028485845,55.94458998339621,null
55,-3.1868786028485845,55.94458998339621,10,-3.1865831605226806,55.944642077849515,rated.fired.crowds
56,-3.1865831605226806,55.944642077849515,190,-3.1868786028485845,55.94458998339621,null
57,-3.1868786028485845,55.94458998339621,190,-3.1871740451744883,55.94453788894291,null
58,-3.1871740451744883,55.94453788894291,20,-3.1868921373882526,55.94464049498591,null
59,-3.1868921373882526,55.94464049498591,190,-3.1871875797141564,55.94458840053261,null
60,-3.1871875797141564,55.94458840053261,20,-3.1869056719279207,55.94469100657561,null
61,-3.1869056719279207,55.94469100657561,190,-3.1872011142538246,55.94463891212231,null
62,-3.1872011142538246,55.94463891212231,190,-3.1874965565797284,55.944586817669006,null
63,-3.1874965565797284,55.944586817669006,190,-3.1877919989056323,55.9445347232157,null
64,-3.1877919989056323,55.9445347232157,110,-3.18789460494863,55.94481663100194,null
65,-3.18789460494863,55.94481663100194,110,-3.1879972109916275,55.94509853878818,null
66,-3.1879972109916275,55.94509853878818,110,-3.188099817034625,55.94538044657442,null
67,-3.188099817034625,55.94538044657442,100,-3.188151911487925,55.945675888900325,null
68,-3.188151911487925,55.945675888900325,20,-3.1878700037016894,55.945778494943326,null
69,-3.1878700037016894,55.945778494943326,20,-3.1875880959154537,55.94588110098633,slips.mass.baking
70,-3.1875880959154537,55.94588110098633,330,-3.187328288294318,55.94573110098633,diner.leaves.mutual
71,-3.187328288294318,55.94573110098633,350,-3.1870328459684143,55.94567900653303,null
72,-3.1870328459684143,55.94567900653303,0,-3.186732845968414,55.94567900653303,hidden.handle.softly
73,-3.186732845968414,55.94567900653303,10,-3.1864374036425103,55.94573110098633,posts.kicked.universally
74,-3.1864374036425103,55.94573110098633,10,-3.1861419613166064,55.94578319543963,null
75,-3.1861419613166064,55.94578319543963,10,-3.1858465189907026,55.94583528989293,null
76,-3.1858465189907026,55.94583528989293,10,-3.1855510766647988,55.945887384346236,null
77,-3.1855510766647988,55.945887384346236,80,-3.1854989822114987,55.94618282667214,prime.rent.silk
78,-3.1854989822114987,55.94618282667214,310,-3.185306145928593,55.94595301333921,null
79,-3.185306145928593,55.94595301333921,310,-3.185113309645687,55.94572320000627,null
80,-3.185113309645687,55.94572320000627,310,-3.1849204733627814,55.945493386673334,null
81,-3.1849204733627814,55.945493386673334,310,-3.1847276370798756,55.9452635733404,null
82,-3.1847276370798756,55.9452635733404,310,-3.18453480079697,55.94503376000746,sports.topic.clocks
83,-3.18453480079697,55.94503376000746,260,-3.18458689525027,55.944738317681555,null
84,-3.18458689525027,55.944738317681555,250,-3.1846895012932674,55.94445640989532,null
85,-3.1846895012932674,55.94445640989532,260,-3.1847415957465675,55.94416096756941,null
86,-3.1847415957465675,55.94416096756941,250,-3.184844201789565,55.94387905978317,null
87,-3.184844201789565,55.94387905978317,260,-3.184896296242865,55.943583617457264,sentences.sings.modern
88,-3.184896296242865,55.943583617457264,170,-3.185191738568769,55.94363571191057,hello.love.keys
89,-3.185191738568769,55.94363571191057,170,-3.1854871808946728,55.94368780636387,null
90,-3.1854871808946728,55.94368780636387,170,-3.1857826232205766,55.94373990081717,null
91,-3.1857826232205766,55.94373990081717,120,-3.1859326232205767,55.943999708438305,teams.mild.played
92,-3.1859326232205767,55.943999708438305,260,-3.1859847176738767,55.9437042661124,null
93,-3.1859847176738767,55.9437042661124,250,-3.1860873237168743,55.94342235832616,null
94,-3.1860873237168743,55.94342235832616,260,-3.1861394181701743,55.94312691600025,null
95,-3.1861394181701743,55.94312691600025,250,-3.186242024213172,55.942845008214015,under.retire.bump
96,-3.186242024213172,55.942845008214015,190,-3.1865374665390758,55.94279291376071,null
97,-3.1865374665390758,55.94279291376071,190,-3.1868329088649796,55.94274081930741,strut.river.surely
98,-3.1868329088649796,55.94274081930741,120,-3.1869829088649797,55.943000626928544,null
99,-3.1869829088649797,55.943000626928544,120,-3.18713290886498,55.94326043454968,null
100,-3.18713290886498,55.94326043454968,120,-3.18728290886498,55.94352024217081,null
101,-3.18728290886498,55.94352024217081,120,-3.18743290886498,55.94378004979195,begins.spider.drips
102,-3.18743290886498,55.94378004979195,140,-3.1876627221979157,55.94397288607485,null
103,-3.1876627221979157,55.94397288607485,140,-3.1878925355308514,55.94416572235776,null
104,-3.1878925355308514,55.94416572235776,160,-3.188174443317087,55.94426832840076,null
