1,-3.188396,55.944425,280,-3.1883439055467,55.944129557674096,trades.rare.cable
2,-3.1883439055467,55.944129557674096,170,-3.188639347872604,55.9441816521274,null
3,-3.188639347872604,55.9441816521274,170,-3.1889347901985077,55.9442337465807,null
4,-3.1889347901985077,55.9442337465807,190,-3.1892302325244115,55.9441816521274,spoon.invest.every
5,-3.1892302325244115,55.9441816521274,190,-3.1895256748503154,55.944129557674096,null
6,-3.1895256748503154,55.944129557674096,190,-3.189821117176219,55.94407746322079,cliff.asleep.wedge
7,-3.189821117176219,55.94407746322079,190,-3.190116559502123,55.94402536876749,null
8,-3.190116559502123,55.94402536876749,190,-3.190412001828027,55.94397327431419,pump.wheels.hulk
9,-3.190412001828027,55.94397327431419,160,-3.1906939096142626,55.94407588035719,null
10,-3.1906939096142626,55.94407588035719,160,-3.1909758174004983,55.94417848640019,hills.giant.crate
11,-3.1909758174004983,55.94417848640019,240,-3.1911258174004984,55.943918678779056,spicy.bunch.shady
12,-3.1911258174004984,55.943918678779056,280,-3.1910737229471984,55.94362323645315,loaf.cheer.slave
13,-3.1910737229471984,55.94362323645315,250,-3.191176328990196,55.94334132866691,meal.feed.large
14,-3.191176328990196,55.94334132866691,280,-3.191124234536896,55.943045886341004,else.urban.museum
15,-3.191124234536896,55.943045886341004,260,-3.191176328990196,55.9427504440151,along.spill.limp
16,-3.191176328990196,55.9427504440151,10,-3.190880886664292,55.9428025384684,null
17,-3.190880886664292,55.9428025384684,10,-3.1905854443383883,55.9428546329217,tonic.bliss.cove
18,-3.1905854443383883,55.9428546329217,120,-3.1907354443383884,55.943114440542836,relate.chill.vest
19,-3.1907354443383884,55.943114440542836,50,-3.1905426080554826,55.94334425387577,null
20,-3.1905426080554826,55.94334425387577,60,-3.1903926080554825,55.943604061496906,sculpture.shot.melon
21,-3.1903926080554825,55.943604061496906,300,-3.1902426080554824,55.94334425387577,arts.dish.scarcely
22,-3.1902426080554824,55.94334425387577,300,-3.1900926080554823,55.94308444625464,shows.fries.lamp
23,-3.1900926080554823,55.94308444625464,300,-3.1899426080554822,55.9428246386335,second.launch.miles
24,-3.1899426080554822,55.9428246386335,10,-3.1896471657295784,55.942876733086806,null
25,-3.1896471657295784,55.942876733086806,20,-3.1893652579433427,55.942979339129806,region.passes.pencil
26,-3.1893652579433427,55.942979339129806,20,-3.189083350157107,55.94308194517281,null
27,-3.189083350157107,55.94308194517281,190,-3.189378792483011,55.943029850719505,null
28,-3.189378792483011,55.943029850719505,180,-3.189678792483011,55.943029850719505,null
29,-3.189678792483011,55.943029850719505,60,-3.189528792483011,55.94328965834064,rents.cone.stove
30,-3.189528792483011,55.94328965834064,60,-3.189378792483011,55.94354946596177,cars.attend.hotels
31,-3.189378792483011,55.94354946596177,150,-3.1896386001041463,55.94369946596177,burn.spot.across
32,-3.1896386001041463,55.94369946596177,20,-3.1893566923179106,55.94380207200477,null
33,-3.1893566923179106,55.94380207200477,20,-3.189074784531675,55.94390467804777,noted.friday.jams
34,-3.189074784531675,55.94390467804777,310,-3.188881948248769,55.943674864714836,labels.hotels.alert
35,-3.188881948248769,55.943674864714836,300,-3.188731948248769,55.9434150570937,system.speak.guard
36,-3.188731948248769,55.9434150570937,300,-3.188581948248769,55.94315524947257,groups.ideas.script
37,-3.188581948248769,55.94315524947257,10,-3.188286505922865,55.94320734392587,null
38,-3.188286505922865,55.94320734392587,10,-3.1879910635969613,55.94325943837917,gums.clock.modes
39,-3.1879910635969613,55.94325943837917,100,-3.1880431580502613,55.94355488070508,scare.cubs.resort
40,-3.1880431580502613,55.94355488070508,110,-3.188145764093259,55.94383678849132,cubs.trucks.help
41,-3.188145764093259,55.94383678849132,120,-3.188295764093259,55.94409659611245,rush.crown.link
42,-3.188295764093259,55.94409659611245,340,-3.1880138563070233,55.94399399006945,null
43,-3.1880138563070233,55.94399399006945,320,-3.1877840429740876,55.943801153786545,null
44,-3.1877840429740876,55.943801153786545,350,-3.1874886006481837,55.94374905933324,shut.stands.media
45,-3.1874886006481837,55.94374905933324,300,-3.1873386006481836,55.94348925171211,null
46,-3.1873386006481836,55.94348925171211,310,-3.187145764365278,55.94325943837917,scale.chair.kinds
47,-3.187145764365278,55.94325943837917,120,-3.187295764365278,55.94351924600031,null
48,-3.187295764365278,55.94351924600031,120,-3.187445764365278,55.94377905362144,begins.spider.drips
49,-3.187445764365278,55.94377905362144,120,-3.187595764365278,55.944038861242575,bound.ends.matter
50,-3.187595764365278,55.944038861242575,120,-3.1877457643652782,55.94429866886371,thank.salsa.brain
51,-3.1877457643652782,55.94429866886371,160,-3.188027672151514,55.94440127490671,null
52,-3.188027672151514,55.94440127490671,190,-3.188323114477418,55.94434918045341,null
