1,-3.188396,55.944425,260,-3.1884480944533,55.944129557674096,trades.rare.cable
2,-3.1884480944533,55.944129557674096,340,-3.1881661866670643,55.944026951631095,rush.crown.link
3,-3.1881661866670643,55.944026951631095,280,-3.1881140922137643,55.94373150930519,cubs.trucks.help
4,-3.1881140922137643,55.94373150930519,300,-3.187964092213764,55.943471701684054,null
5,-3.187964092213764,55.943471701684054,300,-3.187814092213764,55.94321189406292,gums.clock.modes
6,-3.187814092213764,55.94321189406292,190,-3.188109534539668,55.94315979960962,null
7,-3.188109534539668,55.94315979960962,190,-3.188404976865572,55.943107705156315,null
8,-3.188404976865572,55.943107705156315,170,-3.1887004191914756,55.94315979960962,groups.ideas.script
9,-3.1887004191914756,55.94315979960962,110,-3.1888030252344732,55.943441707395856,null
10,-3.1888030252344732,55.943441707395856,100,-3.1888551196877732,55.94373714972176,labels.hotels.alert
11,-3.1888551196877732,55.94373714972176,120,-3.1890051196877733,55.9439969573429,noted.friday.jams
12,-3.1890051196877733,55.9439969573429,200,-3.189287027474009,55.943894351299896,null
13,-3.189287027474009,55.943894351299896,190,-3.189582469799913,55.943842256846594,burn.spot.across
14,-3.189582469799913,55.943842256846594,230,-3.1897753060828187,55.94361244351366,null
15,-3.1897753060828187,55.94361244351366,220,-3.1900051194157544,55.94341960723075,null
16,-3.1900051194157544,55.94341960723075,230,-3.19019795569866,55.943189793897815,null
17,-3.19019795569866,55.943189793897815,220,-3.190427769031596,55.94299695761491,null
18,-3.190427769031596,55.94299695761491,230,-3.1906206053145016,55.94276714428197,tonic.bliss.cove
19,-3.1906206053145016,55.94276714428197,120,-3.1907706053145017,55.94302695190311,null
20,-3.1907706053145017,55.94302695190311,120,-3.190920605314502,55.94328675952424,null
21,-3.190920605314502,55.94328675952424,120,-3.191070605314502,55.943546567145376,loaf.cheer.slave
22,-3.191070605314502,55.943546567145376,100,-3.191122699767802,55.94384200947128,spicy.bunch.shady
23,-3.191122699767802,55.94384200947128,130,-3.1913155360507077,55.94407182280422,null
24,-3.1913155360507077,55.94407182280422,130,-3.1915083723336135,55.944301636137155,null
25,-3.1915083723336135,55.944301636137155,130,-3.1917012086165193,55.94453144947009,null
26,-3.1917012086165193,55.94453144947009,130,-3.191894044899425,55.94476126280303,null
27,-3.191894044899425,55.94476126280303,130,-3.192086881182331,55.94499107613596,useful.hike.trades
28,-3.192086881182331,55.94499107613596,80,-3.192034786729031,55.94528651846187,null
29,-3.192034786729031,55.94528651846187,80,-3.191982692275731,55.94558196078778,null
30,-3.191982692275731,55.94558196078778,80,-3.191930597822431,55.945877403113684,stone.undulation.poems
31,-3.191930597822431,55.945877403113684,350,-3.191635155496527,55.94582530866038,null
32,-3.191635155496527,55.94582530866038,350,-3.191339713170623,55.94577321420708,null
33,-3.191339713170623,55.94577321420708,350,-3.1910442708447193,55.94572111975378,null
34,-3.1910442708447193,55.94572111975378,350,-3.1907488285188155,55.945669025300475,null
35,-3.1907488285188155,55.945669025300475,350,-3.1904533861929116,55.94561693084717,null
36,-3.1904533861929116,55.94561693084717,350,-3.190157943867008,55.94556483639387,null
37,-3.190157943867008,55.94556483639387,350,-3.189862501541104,55.94551274194057,turkey.limit.ramp
38,-3.189862501541104,55.94551274194057,40,-3.1896326882081683,55.945705578223475,null
39,-3.1896326882081683,55.945705578223475,40,-3.1894028748752326,55.94589841450638,coherent.saints.stuck
40,-3.1894028748752326,55.94589841450638,340,-3.189120967088997,55.94579580846338,null
41,-3.189120967088997,55.94579580846338,340,-3.188839059302761,55.94569320242038,stops.else.chats
42,-3.188839059302761,55.94569320242038,10,-3.1885436169768573,55.94574529687368,bend.tubes.chops
43,-3.1885436169768573,55.94574529687368,310,-3.1883507806939515,55.945515483540746,skills.less.herb
44,-3.1883507806939515,55.945515483540746,220,-3.188580594026887,55.94532264725784,rooms.lamp.teach
45,-3.188580594026887,55.94532264725784,320,-3.1883507806939515,55.94512981097493,null
46,-3.1883507806939515,55.94512981097493,320,-3.188120967361016,55.94493697469203,null
47,-3.188120967361016,55.94493697469203,320,-3.18789115402808,55.94474413840912,hurt.green.filer
48,-3.18789115402808,55.94474413840912,120,-3.18804115402808,55.945003946030255,agents.mile.crib
49,-3.18804115402808,55.945003946030255,100,-3.18809324848138,55.94529938835616,null
50,-3.18809324848138,55.94529938835616,90,-3.18809324848138,55.945599388356165,null
51,-3.18809324848138,55.945599388356165,30,-3.1878334408602447,55.94574938835616,null
52,-3.1878334408602447,55.94574938835616,20,-3.187551533074009,55.94585199439916,slips.mass.baking
53,-3.187551533074009,55.94585199439916,320,-3.1873217197410733,55.94565915811626,null
54,-3.1873217197410733,55.94565915811626,340,-3.1870398119548375,55.945556552073256,null
55,-3.1870398119548375,55.945556552073256,310,-3.1868469756719318,55.94532673874032,dragon.bottle.crisp
56,-3.1868469756719318,55.94532673874032,300,-3.1866969756719317,55.945066931119186,null
57,-3.1866969756719317,55.945066931119186,310,-3.186504139389026,55.94483711778625,null
58,-3.186504139389026,55.94483711778625,300,-3.186354139389026,55.944577310165116,rated.fired.crowds
59,-3.186354139389026,55.944577310165116,10,-3.186058697063122,55.94462940461842,null
60,-3.186058697063122,55.94462940461842,10,-3.185763254737218,55.94468149907172,null
61,-3.185763254737218,55.94468149907172,10,-3.1854678124113143,55.94473359352502,null
62,-3.1854678124113143,55.94473359352502,10,-3.1851723700854104,55.944785687978325,null
63,-3.1851723700854104,55.944785687978325,350,-3.1848769277595066,55.94473359352502,slide.leads.stores
64,-3.1848769277595066,55.94473359352502,280,-3.1848248333062066,55.944438151199115,null
65,-3.1848248333062066,55.944438151199115,290,-3.184722227263209,55.94415624341288,null
66,-3.184722227263209,55.94415624341288,280,-3.184670132809909,55.94386080108697,rider.mile.lime
67,-3.184670132809909,55.94386080108697,200,-3.1849520405961447,55.94375819504397,null
68,-3.1849520405961447,55.94375819504397,200,-3.1852339483823804,55.94365558900097,hello.love.keys
69,-3.1852339483823804,55.94365558900097,220,-3.185463761715316,55.94346275271806,null
70,-3.185463761715316,55.94346275271806,220,-3.185693575048252,55.943269916435156,null
71,-3.185693575048252,55.943269916435156,220,-3.1859233883811875,55.94307708015225,null
72,-3.1859233883811875,55.94307708015225,220,-3.186153201714123,55.942884243869344,under.retire.bump
73,-3.186153201714123,55.942884243869344,160,-3.186435109500359,55.942986849912344,hers.banks.goat
74,-3.186435109500359,55.942986849912344,210,-3.1866949171214944,55.94283684991235,null
75,-3.1866949171214944,55.94283684991235,210,-3.18695472474263,55.94268684991235,strut.river.surely
76,-3.18695472474263,55.94268684991235,110,-3.1870573307856276,55.94296875769859,null
77,-3.1870573307856276,55.94296875769859,110,-3.187159936828625,55.943250665484825,scale.chair.kinds
78,-3.187159936828625,55.943250665484825,120,-3.1873099368286253,55.94351047310596,shut.stands.media
79,-3.1873099368286253,55.94351047310596,120,-3.1874599368286254,55.943770280727094,begins.spider.drips
80,-3.1874599368286254,55.943770280727094,150,-3.187719744449761,55.94392028072709,null
81,-3.187719744449761,55.94392028072709,140,-3.1879495577826966,55.94411311701,null
82,-3.1879495577826966,55.94411311701,150,-3.188209365403832,55.944263117009996,null
