1,-3.188396,55.944425,10,-3.188100557674096,55.944477094453305,null
2,-3.188100557674096,55.944477094453305,10,-3.1878051153481923,55.94452918890661,hurt.green.filer
3,-3.1878051153481923,55.94452918890661,290,-3.1877025093051947,55.94424728112037,bound.ends.matter
4,-3.1877025093051947,55.94424728112037,290,-3.187599903262197,55.94396537333413,null
5,-3.187599903262197,55.94396537333413,180,-3.1878999032621973,55.94396537333413,null
6,-3.1878999032621973,55.94396537333413,180,-3.1881999032621975,55.94396537333413,cubs.trucks.help
7,-3.1881999032621975,55.94396537333413,330,-3.187940095641062,55.94381537333413,null
8,-3.187940095641062,55.94381537333413,350,-3.187644653315158,55.94376327888083,null
9,-3.187644653315158,55.94376327888083,320,-3.1874148399822224,55.943570442597924,shut.stands.media
10,-3.1874148399822224,55.943570442597924,190,-3.1877102823081263,55.94351834814462,null
11,-3.1877102823081263,55.94351834814462,290,-3.1876076762651286,55.94323644035838,null
12,-3.1876076762651286,55.94323644035838,190,-3.1879031185910325,55.94318434590508,gums.clock.modes
13,-3.1879031185910325,55.94318434590508,300,-3.1877531185910324,55.94292453828395,panic.squad.danger
14,-3.1877531185910324,55.94292453828395,350,-3.1874576762651285,55.942872443830645,null
15,-3.1874576762651285,55.942872443830645,350,-3.1871622339392247,55.94282034937734,null
16,-3.1871622339392247,55.94282034937734,350,-3.186866791613321,55.94276825492404,null
17,-3.186866791613321,55.94276825492404,20,-3.186584883827085,55.94287086096704,null
18,-3.186584883827085,55.94287086096704,20,-3.1863029760408494,55.94297346701004,hers.banks.goat
19,-3.1863029760408494,55.94297346701004,20,-3.1860210682546137,55.94307607305304,null
20,-3.1860210682546137,55.94307607305304,20,-3.185739160468378,55.94317867909604,toned.deflection.bland
21,-3.185739160468378,55.94317867909604,340,-3.1854572526821423,55.94307607305304,null
22,-3.1854572526821423,55.94307607305304,340,-3.1851753448959066,55.94297346701004,null
23,-3.1851753448959066,55.94297346701004,10,-3.1848799025700028,55.943025561463344,courier.assume.bill
24,-3.1848799025700028,55.943025561463344,120,-3.185029902570003,55.94328536908448,null
25,-3.185029902570003,55.94328536908448,130,-3.1852227388529086,55.943515182417414,null
26,-3.1852227388529086,55.943515182417414,120,-3.1853727388529087,55.94377499003855,null
27,-3.1853727388529087,55.94377499003855,130,-3.1855655751358145,55.944004803371485,manliness.poem.cliff
28,-3.1855655751358145,55.944004803371485,180,-3.1858655751358147,55.944004803371485,null
29,-3.1858655751358147,55.944004803371485,120,-3.186015575135815,55.94426461099262,organs.shape.fantastic
30,-3.186015575135815,55.94426461099262,40,-3.185785761802879,55.944457447275525,null
31,-3.185785761802879,55.944457447275525,40,-3.1855559484699434,55.94465028355843,null
32,-3.1855559484699434,55.94465028355843,320,-3.1853261351370077,55.944457447275525,acid.chair.butter
33,-3.1853261351370077,55.944457447275525,100,-3.1853782295903077,55.94475288960143,null
34,-3.1853782295903077,55.94475288960143,80,-3.1853261351370077,55.94504833192734,null
35,-3.1853261351370077,55.94504833192734,100,-3.1853782295903077,55.945343774253246,null
36,-3.1853782295903077,55.945343774253246,80,-3.1853261351370077,55.94563921657915,null
37,-3.1853261351370077,55.94563921657915,100,-3.1853782295903077,55.94593465890506,null
38,-3.1853782295903077,55.94593465890506,80,-3.1853261351370077,55.94623010123097,prime.rent.silk
39,-3.1853261351370077,55.94623010123097,190,-3.1856215774629115,55.946178006777664,null
40,-3.1856215774629115,55.946178006777664,190,-3.1859170197888154,55.94612591232436,null
41,-3.1859170197888154,55.94612591232436,190,-3.186212462114719,55.94607381787106,null
42,-3.186212462114719,55.94607381787106,280,-3.186160367661419,55.94577837554515,posts.kicked.universally
43,-3.186160367661419,55.94577837554515,190,-3.186455809987323,55.94572628109185,null
44,-3.186455809987323,55.94572628109185,190,-3.186751252313227,55.94567418663855,hidden.handle.softly
45,-3.186751252313227,55.94567418663855,190,-3.1870466946391307,55.945622092185246,null
46,-3.1870466946391307,55.945622092185246,310,-3.186853858356225,55.94539227885231,spent.spoon.bolt
47,-3.186853858356225,55.94539227885231,140,-3.1870836716891606,55.945585115135216,null
48,-3.1870836716891606,55.945585115135216,180,-3.187383671689161,55.945585115135216,null
49,-3.187383671689161,55.945585115135216,190,-3.1876791140150647,55.945533020681914,null
50,-3.1876791140150647,55.945533020681914,190,-3.1879745563409685,55.94548092622861,null
51,-3.1879745563409685,55.94548092622861,200,-3.188256464127204,55.94537832018561,null
52,-3.188256464127204,55.94537832018561,210,-3.1885162717483397,55.94522832018561,rooms.lamp.teach
53,-3.1885162717483397,55.94522832018561,210,-3.1887760793694753,55.945078320185615,null
54,-3.1887760793694753,55.945078320185615,150,-3.189035886990611,55.94522832018561,null
55,-3.189035886990611,55.94522832018561,220,-3.1892657003235465,55.94503548390271,number.exist.rate
56,-3.1892657003235465,55.94503548390271,150,-3.189525507944682,55.945185483902705,null
57,-3.189525507944682,55.945185483902705,150,-3.1897853155658176,55.9453354839027,null
58,-3.1897853155658176,55.9453354839027,150,-3.190045123186953,55.9454854839027,null
59,-3.190045123186953,55.9454854839027,150,-3.1903049308080886,55.9456354839027,null
60,-3.1903049308080886,55.9456354839027,150,-3.190564738429224,55.9457854839027,null
61,-3.190564738429224,55.9457854839027,150,-3.1908245460503597,55.945935483902694,null
62,-3.1908245460503597,55.945935483902694,180,-3.19112454605036,55.945935483902694,simple.rust.audio
63,-3.19112454605036,55.945935483902694,280,-3.19107245159706,55.94564004157679,null
64,-3.19107245159706,55.94564004157679,280,-3.19102035714376,55.94534459925088,maple.limit.hotels
65,-3.19102035714376,55.94534459925088,190,-3.1913157994696637,55.94529250479758,null
66,-3.1913157994696637,55.94529250479758,200,-3.1915977072558994,55.94518989875458,hills.feels.tunes
67,-3.1915977072558994,55.94518989875458,190,-3.1918931495818033,55.945137804301275,null
68,-3.1918931495818033,55.945137804301275,190,-3.192188591907707,55.94508570984797,useful.hike.trades
69,-3.192188591907707,55.94508570984797,340,-3.1919066841214714,55.94498310380497,null
70,-3.1919066841214714,55.94498310380497,330,-3.191646876500336,55.944833103804974,null
71,-3.191646876500336,55.944833103804974,330,-3.1913870688792003,55.94468310380498,null
72,-3.1913870688792003,55.94468310380498,330,-3.191127261258065,55.94453310380498,paying.crowd.weep
73,-3.191127261258065,55.94453310380498,280,-3.1910751668047648,55.94423766147907,hills.giant.crate
74,-3.1910751668047648,55.94423766147907,340,-3.190793259018529,55.94413505543607,null
75,-3.190793259018529,55.94413505543607,340,-3.1905113512322933,55.94403244939307,pump.wheels.hulk
76,-3.1905113512322933,55.94403244939307,240,-3.1906613512322934,55.943772641771936,null
77,-3.1906613512322934,55.943772641771936,230,-3.1908541875151992,55.943542828439,null
78,-3.1908541875151992,55.943542828439,240,-3.1910041875151993,55.943283020817866,null
79,-3.1910041875151993,55.943283020817866,230,-3.191197023798105,55.94305320748493,else.urban.museum
80,-3.191197023798105,55.94305320748493,0,-3.190897023798105,55.94305320748493,relate.chill.vest
81,-3.190897023798105,55.94305320748493,10,-3.190601581472201,55.94310530193823,null
82,-3.190601581472201,55.94310530193823,10,-3.1903061391462972,55.943157396391534,null
83,-3.1903061391462972,55.943157396391534,10,-3.1900106968203934,55.943209490844836,shows.fries.lamp
84,-3.1900106968203934,55.943209490844836,290,-3.189908090777396,55.9429275830586,second.launch.miles
85,-3.189908090777396,55.9429275830586,300,-3.1897580907773957,55.942667775437464,hooked.shine.third
86,-3.1897580907773957,55.942667775437464,80,-3.1897059963240957,55.94296321776337,null
87,-3.1897059963240957,55.94296321776337,10,-3.189410553998192,55.94301531221667,region.passes.pencil
88,-3.189410553998192,55.94301531221667,180,-3.189710553998192,55.94301531221667,null
89,-3.189710553998192,55.94301531221667,80,-3.189658459544892,55.94331075454258,null
90,-3.189658459544892,55.94331075454258,80,-3.189606365091592,55.94360619686849,null
91,-3.189606365091592,55.94360619686849,80,-3.189554270638292,55.943901639194394,burn.spot.across
92,-3.189554270638292,55.943901639194394,0,-3.189254270638292,55.943901639194394,null
93,-3.189254270638292,55.943901639194394,0,-3.1889542706382916,55.943901639194394,noted.friday.jams
94,-3.1889542706382916,55.943901639194394,20,-3.188672362852056,55.944004245237394,null
95,-3.188672362852056,55.944004245237394,20,-3.18839045506582,55.944106851280395,null
96,-3.18839045506582,55.944106851280395,100,-3.18844254951912,55.9444022936063,null
