1,-3.188396,55.944425,340,-3.1881140922137643,55.944322393957,null
2,-3.1881140922137643,55.944322393957,340,-3.1878321844275286,55.944219787914,null
3,-3.1878321844275286,55.944219787914,340,-3.187550276641293,55.944117181871,null
4,-3.187550276641293,55.944117181871,340,-3.187268368855057,55.944014575828,null
5,-3.187268368855057,55.944014575828,340,-3.1869864610688214,55.943911969785,null
6,-3.1869864610688214,55.943911969785,340,-3.1867045532825857,55.943809363742,null
7,-3.1867045532825857,55.943809363742,340,-3.18642264549635,55.943706757699,null
8,-3.18642264549635,55.943706757699,350,-3.186127203170446,55.943654663245695,null
9,-3.186127203170446,55.943654663245695,340,-3.1858452953842105,55.943552057202695,record.sofa.sock
10,-3.1858452953842105,55.943552057202695,230,-3.1860381316671162,55.94332224386976,null
11,-3.1860381316671162,55.94332224386976,230,-3.186230967950022,55.94309243053682,hers.banks.goat
12,-3.186230967950022,55.94309243053682,20,-3.1859490601637863,55.94319503657982,null
13,-3.1859490601637863,55.94319503657982,330,-3.185689252542651,55.943045036579825,toned.deflection.bland
14,-3.185689252542651,55.943045036579825,0,-3.1853892525426506,55.943045036579825,null
15,-3.1853892525426506,55.943045036579825,20,-3.185107344756415,55.943147642622826,null
16,-3.185107344756415,55.943147642622826,20,-3.184825436970179,55.94325024866583,brings.remedy.latter
17,-3.184825436970179,55.94325024866583,70,-3.1847228309271816,55.943532156452065,null
18,-3.1847228309271816,55.943532156452065,80,-3.1846707364738815,55.94382759877797,rider.mile.lime
19,-3.1846707364738815,55.94382759877797,80,-3.1846186420205815,55.94412304110388,null
20,-3.1846186420205815,55.94412304110388,80,-3.1845665475672815,55.944418483429786,null
21,-3.1845665475672815,55.944418483429786,80,-3.1845144531139815,55.94471392575569,null
22,-3.1845144531139815,55.94471392575569,80,-3.1844623586606815,55.9450093680816,null
23,-3.1844623586606815,55.9450093680816,100,-3.1845144531139815,55.94530481040751,settle.title.united
24,-3.1845144531139815,55.94530481040751,130,-3.1847072893968873,55.94553462374044,null
25,-3.1847072893968873,55.94553462374044,140,-3.184937102729823,55.94572746002335,rider.aura.bulb
26,-3.184937102729823,55.94572746002335,130,-3.185129939012729,55.945957273356285,null
27,-3.185129939012729,55.945957273356285,140,-3.1853597523456645,55.94615010963919,prime.rent.silk
28,-3.1853597523456645,55.94615010963919,190,-3.1856551946715683,55.94609801518589,renew.slows.basket
29,-3.1856551946715683,55.94609801518589,190,-3.185950636997472,55.94604592073259,null
30,-3.185950636997472,55.94604592073259,190,-3.186246079323376,55.945993826279285,null
31,-3.186246079323376,55.945993826279285,280,-3.186193984870076,55.94569838395338,posts.kicked.universally
32,-3.186193984870076,55.94569838395338,180,-3.186493984870076,55.94569838395338,null
33,-3.186493984870076,55.94569838395338,190,-3.18678942719598,55.945646289500075,hidden.handle.softly
34,-3.18678942719598,55.945646289500075,190,-3.187084869521884,55.94559419504677,null
35,-3.187084869521884,55.94559419504677,320,-3.186855056188948,55.94540135876387,spent.spoon.bolt
36,-3.186855056188948,55.94540135876387,130,-3.187047892471854,55.9456311720968,null
37,-3.187047892471854,55.9456311720968,140,-3.1872777058047896,55.94582400837971,slips.mass.baking
38,-3.1872777058047896,55.94582400837971,200,-3.1875596135910254,55.94572140233671,null
39,-3.1875596135910254,55.94572140233671,190,-3.187855055916929,55.945669307883406,null
40,-3.187855055916929,55.945669307883406,200,-3.188136963703165,55.945566701840406,skills.less.herb
41,-3.188136963703165,55.945566701840406,180,-3.188436963703165,55.945566701840406,null
42,-3.188436963703165,55.945566701840406,180,-3.1887369637031653,55.945566701840406,null
43,-3.1887369637031653,55.945566701840406,130,-3.188929799986071,55.94579651517334,stops.else.chats
44,-3.188929799986071,55.94579651517334,290,-3.1888271939430735,55.9455146073871,shady.soft.phones
45,-3.1888271939430735,55.9455146073871,230,-3.1890200302259792,55.94528479405417,null
46,-3.1890200302259792,55.94528479405417,230,-3.189212866508885,55.94505498072123,number.exist.rate
47,-3.189212866508885,55.94505498072123,150,-3.1894726741300206,55.94520498072123,null
48,-3.1894726741300206,55.94520498072123,140,-3.1897024874629563,55.945397817004135,turkey.limit.ramp
49,-3.1897024874629563,55.945397817004135,120,-3.1898524874629564,55.94565762462527,null
50,-3.1898524874629564,55.94565762462527,120,-3.1900024874629564,55.945917432246404,love.behind.orchestra
51,-3.1900024874629564,55.945917432246404,200,-3.190284395249192,55.9458148262034,null
52,-3.190284395249192,55.9458148262034,210,-3.1905442028703277,55.945664826203405,null
53,-3.1905442028703277,55.945664826203405,200,-3.1908261106565634,55.945562220160404,null
54,-3.1908261106565634,55.945562220160404,210,-3.191085918277699,55.94541222016041,null
55,-3.191085918277699,55.94541222016041,200,-3.1913678260639347,55.945309614117406,null
56,-3.1913678260639347,55.945309614117406,210,-3.19162763368507,55.94515961411741,hills.feels.tunes
57,-3.19162763368507,55.94515961411741,300,-3.19147763368507,55.944899806496274,null
58,-3.19147763368507,55.944899806496274,300,-3.19132763368507,55.94463999887514,null
59,-3.19132763368507,55.94463999887514,330,-3.1910678260639345,55.94448999887514,paying.crowd.weep
60,-3.1910678260639345,55.94448999887514,260,-3.1911199205172345,55.944194556549235,null
61,-3.1911199205172345,55.944194556549235,280,-3.1910678260639345,55.94389911422333,spicy.bunch.shady
62,-3.1910678260639345,55.94389911422333,260,-3.1911199205172345,55.94360367189742,null
63,-3.1911199205172345,55.94360367189742,260,-3.1911720149705345,55.943308229571514,null
64,-3.1911720149705345,55.943308229571514,280,-3.1911199205172345,55.94301278724561,null
65,-3.1911199205172345,55.94301278724561,260,-3.1911720149705345,55.9427173449197,along.spill.limp
66,-3.1911720149705345,55.9427173449197,10,-3.1908765726446306,55.942769439373,null
67,-3.1908765726446306,55.942769439373,10,-3.190581130318727,55.942821533826304,tonic.bliss.cove
68,-3.190581130318727,55.942821533826304,60,-3.1904311303187267,55.94308134144744,null
69,-3.1904311303187267,55.94308134144744,60,-3.1902811303187266,55.94334114906857,arts.dish.scarcely
70,-3.1902811303187266,55.94334114906857,350,-3.189985687992823,55.94328905461527,null
71,-3.189985687992823,55.94328905461527,350,-3.189690245666919,55.94323696016197,null
72,-3.189690245666919,55.94323696016197,350,-3.189394803341015,55.943184865708666,null
73,-3.189394803341015,55.943184865708666,350,-3.1890993610151113,55.943132771255364,null
74,-3.1890993610151113,55.943132771255364,350,-3.1888039186892074,55.94308067680206,groups.ideas.script
75,-3.1888039186892074,55.94308067680206,10,-3.1885084763633036,55.943132771255364,null
76,-3.1885084763633036,55.943132771255364,10,-3.1882130340373998,55.943184865708666,null
77,-3.1882130340373998,55.943184865708666,10,-3.187917591711496,55.94323696016197,gums.clock.modes
78,-3.187917591711496,55.94323696016197,100,-3.187969686164796,55.943532402487875,null
79,-3.187969686164796,55.943532402487875,100,-3.188021780618096,55.94382784481378,null
80,-3.188021780618096,55.94382784481378,10,-3.187726338292192,55.943879939267084,null
81,-3.187726338292192,55.943879939267084,110,-3.1878289443351897,55.94416184705332,bound.ends.matter
82,-3.1878289443351897,55.94416184705332,110,-3.1879315503781873,55.94444375483956,thank.salsa.brain
83,-3.1879315503781873,55.94444375483956,10,-3.1876361080522835,55.94449584929286,null
84,-3.1876361080522835,55.94449584929286,10,-3.1873406657263796,55.944547943746166,only.fairly.rift
85,-3.1873406657263796,55.944547943746166,10,-3.187045223400476,55.94460003819947,null
86,-3.187045223400476,55.94460003819947,10,-3.186749781074572,55.94465213265277,artist.gets.react
87,-3.186749781074572,55.94465213265277,20,-3.1864678732883362,55.94475473869577,laws.merit.bleak
88,-3.1864678732883362,55.94475473869577,10,-3.1861724309624324,55.94480683314907,null
89,-3.1861724309624324,55.94480683314907,320,-3.1859426176294967,55.94461399686617,null
90,-3.1859426176294967,55.94461399686617,320,-3.185712804296561,55.94442116058326,atoms.vanish.foods
91,-3.185712804296561,55.94442116058326,220,-3.1859426176294967,55.944228324300354,null
92,-3.1859426176294967,55.944228324300354,200,-3.1862245254157324,55.944125718257354,null
93,-3.1862245254157324,55.944125718257354,190,-3.1865199677416363,55.94407362380405,null
94,-3.1865199677416363,55.94407362380405,190,-3.18681541006754,55.94402152935075,null
95,-3.18681541006754,55.94402152935075,170,-3.187110852393444,55.94407362380405,null
96,-3.187110852393444,55.94407362380405,160,-3.1873927601796797,55.94417622984705,null
97,-3.1873927601796797,55.94417622984705,160,-3.1876746679659154,55.94427883589005,null
98,-3.1876746679659154,55.94427883589005,160,-3.187956575752151,55.944381441933054,null
99,-3.187956575752151,55.944381441933054,160,-3.188238483538387,55.944484047976054,null
