1,-3.188396,55.944425,340.0,-3.1881140922137643,55.944322393957,null
2,-3.1881140922137643,55.944322393957,340.0,-3.1878321844275286,55.944219787914,null
3,-3.1878321844275286,55.944219787914,330.0,-3.187572376806393,55.944069787914,null
4,-3.187572376806393,55.944069787914,330.0,-3.1873125691852575,55.943919787914005,null
5,-3.1873125691852575,55.943919787914005,330.0,-3.187052761564122,55.94376978791401,null
6,-3.187052761564122,55.94376978791401,330.0,-3.1867929539429865,55.94361978791401,null
7,-3.1867929539429865,55.94361978791401,330.0,-3.186533146321851,55.94346978791401,null
8,-3.186533146321851,55.94346978791401,330.0,-3.1862733387007154,55.943319787914014,null
9,-3.1862733387007154,55.943319787914014,330.0,-3.18601353107958,55.943169787914016,null
10,-3.18601353107958,55.943169787914016,330.0,-3.1857537234584443,55.94301978791402,null
11,-3.1857537234584443,55.94301978791402,330.0,-3.185493915837309,55.94286978791402,dent.shins.cycle
12,-3.185493915837309,55.94286978791402,110.0,-3.1855965218803064,55.94315169570026,toned.deflection.bland
13,-3.1855965218803064,55.94315169570026,210.0,-3.185856329501442,55.94300169570026,null
14,-3.185856329501442,55.94300169570026,210.0,-3.1861161371225775,55.94285169570026,under.retire.bump
15,-3.1861161371225775,55.94285169570026,160.0,-3.186398044908813,55.942954301743264,hers.banks.goat
16,-3.186398044908813,55.942954301743264,200.0,-3.186679952695049,55.94285169570026,null
17,-3.186679952695049,55.94285169570026,210.0,-3.1869397603161844,55.942701695700265,strut.river.surely
18,-3.1869397603161844,55.942701695700265,120.0,-3.1870897603161845,55.9429615033214,valve.elaborate.fortunate
19,-3.1870897603161845,55.9429615033214,120.0,-3.1872397603161846,55.94322131094253,scale.chair.kinds
20,-3.1872397603161846,55.94322131094253,120.0,-3.1873897603161847,55.94348111856367,null
21,-3.1873897603161847,55.94348111856367,110.0,-3.1874923663591823,55.943763026349906,null
22,-3.1874923663591823,55.943763026349906,120.0,-3.1876423663591824,55.94402283397104,null
23,-3.1876423663591824,55.94402283397104,110.0,-3.18774497240218,55.94430474175728,thank.salsa.brain
24,-3.18774497240218,55.94430474175728,200.0,-3.1880268801884157,55.94420213571428,null
25,-3.1880268801884157,55.94420213571428,170.0,-3.1883223225143196,55.94425423016758,null
26,-3.1883223225143196,55.94425423016758,170.0,-3.1886177648402234,55.94430632462088,null
27,-3.1886177648402234,55.94430632462088,190.0,-3.1889132071661273,55.94425423016758,null
28,-3.1889132071661273,55.94425423016758,190.0,-3.189208649492031,55.94420213571428,spoon.invest.every
29,-3.189208649492031,55.94420213571428,310.0,-3.1890158132091253,55.94397232238134,noted.friday.jams
30,-3.1890158132091253,55.94397232238134,300.0,-3.188865813209125,55.94371251476021,null
31,-3.188865813209125,55.94371251476021,300.0,-3.188715813209125,55.94345270713907,null
32,-3.188715813209125,55.94345270713907,300.0,-3.188565813209125,55.94319289951794,groups.ideas.script
33,-3.188565813209125,55.94319289951794,190.0,-3.188861255535029,55.94314080506464,null
34,-3.188861255535029,55.94314080506464,200.0,-3.1891431633212646,55.943038199021636,region.passes.pencil
35,-3.1891431633212646,55.943038199021636,200.0,-3.1894250711075003,55.942935592978635,null
36,-3.1894250711075003,55.942935592978635,200.0,-3.189706978893736,55.942832986935635,hooked.shine.third
37,-3.189706978893736,55.942832986935635,190.0,-3.19000242121964,55.94278089248233,second.launch.miles
38,-3.19000242121964,55.94278089248233,80.0,-3.18995032676634,55.94307633480824,null
39,-3.18995032676634,55.94307633480824,80.0,-3.18989823231304,55.943371777134146,null
40,-3.18989823231304,55.943371777134146,80.0,-3.18984613785974,55.94366721946005,null
41,-3.18984613785974,55.94366721946005,80.0,-3.18979404340644,55.94396266178596,cliff.asleep.wedge
42,-3.18979404340644,55.94396266178596,230.0,-3.1899868796893456,55.943732848453024,null
43,-3.1899868796893456,55.943732848453024,230.0,-3.1901797159722514,55.94350303512009,null
44,-3.1901797159722514,55.94350303512009,200.0,-3.190461623758487,55.94340042907709,null
45,-3.190461623758487,55.94340042907709,200.0,-3.190743531544723,55.94329782303409,null
46,-3.190743531544723,55.94329782303409,200.0,-3.1910254393309585,55.943195216991086,else.urban.museum
47,-3.1910254393309585,55.943195216991086,100.0,-3.1910775337842585,55.94349065931699,loaf.cheer.slave
48,-3.1910775337842585,55.94349065931699,100.0,-3.1911296282375585,55.9437861016429,null
49,-3.1911296282375585,55.9437861016429,80.0,-3.1910775337842585,55.94408154396881,hills.giant.crate
50,-3.1910775337842585,55.94408154396881,80.0,-3.1910254393309585,55.944376986294714,paying.crowd.weep
51,-3.1910254393309585,55.944376986294714,100.0,-3.1910775337842585,55.94467242862062,estate.gave.votes
52,-3.1910775337842585,55.94467242862062,160.0,-3.1913594415704942,55.94477503466362,null
53,-3.1913594415704942,55.94477503466362,160.0,-3.19164134935673,55.94487764070662,null
54,-3.19164134935673,55.94487764070662,160.0,-3.1919232571429657,55.94498024674962,null
55,-3.1919232571429657,55.94498024674962,160.0,-3.1922051649292014,55.94508285279262,useful.hike.trades
56,-3.1922051649292014,55.94508285279262,20.0,-3.1919232571429657,55.945185458835624,null
57,-3.1919232571429657,55.945185458835624,20.0,-3.19164134935673,55.945288064878625,null
58,-3.19164134935673,55.945288064878625,20.0,-3.1913594415704942,55.945390670921626,null
59,-3.1913594415704942,55.945390670921626,20.0,-3.1910775337842585,55.945493276964626,null
60,-3.1910775337842585,55.945493276964626,20.0,-3.190795625998023,55.94559588300763,null
61,-3.190795625998023,55.94559588300763,10.0,-3.190500183672119,55.94564797746093,null
62,-3.190500183672119,55.94564797746093,20.0,-3.1902182758858832,55.94575058350393,null
63,-3.1902182758858832,55.94575058350393,10.0,-3.1899228335599794,55.94580267795723,null
64,-3.1899228335599794,55.94580267795723,20.0,-3.1896409257737437,55.94590528400023,null
65,-3.1896409257737437,55.94590528400023,10.0,-3.18934548344784,55.945957378453535,coherent.saints.stuck
66,-3.18934548344784,55.945957378453535,10.0,-3.189050041121936,55.94600947290684,null
67,-3.189050041121936,55.94600947290684,10.0,-3.188754598796032,55.94606156736014,boost.radar.stress
68,-3.188754598796032,55.94606156736014,280.0,-3.188702504342732,55.94576612503423,null
69,-3.188702504342732,55.94576612503423,250.0,-3.18880511038573,55.945484217247994,shady.soft.phones
70,-3.18880511038573,55.945484217247994,320.0,-3.188575297052794,55.94529138096509,null
71,-3.188575297052794,55.94529138096509,320.0,-3.1883454837198584,55.94509854468218,null
72,-3.1883454837198584,55.94509854468218,320.0,-3.1881156703869227,55.944905708399276,agents.mile.crib
73,-3.1881156703869227,55.944905708399276,320.0,-3.187885857053987,55.94471287211637,null
74,-3.187885857053987,55.94471287211637,110.0,-3.1879884630969846,55.94499477990261,null
75,-3.1879884630969846,55.94499477990261,300.0,-3.1878384630969845,55.94473497228147,null
76,-3.1878384630969845,55.94473497228147,110.0,-3.187941069139982,55.94501688006771,null
77,-3.187941069139982,55.94501688006771,300.0,-3.187791069139982,55.94475707244658,null
78,-3.187791069139982,55.94475707244658,300.0,-3.187641069139982,55.94449726482544,null
79,-3.187641069139982,55.94449726482544,10.0,-3.187345626814078,55.944549359278746,null
80,-3.187345626814078,55.944549359278746,10.0,-3.1870501844881742,55.94460145373205,null
81,-3.1870501844881742,55.94460145373205,20.0,-3.1867682767019385,55.94470405977505,null
82,-3.1867682767019385,55.94470405977505,20.0,-3.186486368915703,55.94480666581805,null
83,-3.186486368915703,55.94480666581805,130.0,-3.1866792051986086,55.945036479150986,null
84,-3.1866792051986086,55.945036479150986,130.0,-3.1868720414815144,55.94526629248392,spent.spoon.bolt
85,-3.1868720414815144,55.94526629248392,130.0,-3.18706487776442,55.94549610581686,null
86,-3.18706487776442,55.94549610581686,130.0,-3.187257714047326,55.945725919149794,null
87,-3.187257714047326,55.945725919149794,10.0,-3.186962271721422,55.945778013603096,null
88,-3.186962271721422,55.945778013603096,10.0,-3.1866668293955183,55.9458301080564,null
89,-3.1866668293955183,55.9458301080564,10.0,-3.1863713870696144,55.9458822025097,null
90,-3.1863713870696144,55.9458822025097,10.0,-3.1860759447437106,55.945934296963,null
91,-3.1860759447437106,55.945934296963,10.0,-3.1857805024178067,55.945986391416305,renew.slows.basket
92,-3.1857805024178067,55.945986391416305,320.0,-3.185550689084871,55.9457935551334,null
93,-3.185550689084871,55.9457935551334,320.0,-3.1853208757519353,55.94560071885049,null
94,-3.1853208757519353,55.94560071885049,320.0,-3.1850910624189996,55.94540788256759,null
95,-3.1850910624189996,55.94540788256759,320.0,-3.184861249086064,55.94521504628468,null
96,-3.184861249086064,55.94521504628468,330.0,-3.1846014414649284,55.94506504628468,sports.topic.clocks
97,-3.1846014414649284,55.94506504628468,190.0,-3.1848968837908322,55.94501295183138,null
98,-3.1848968837908322,55.94501295183138,220.0,-3.185126697123768,55.944820115548474,null
99,-3.185126697123768,55.944820115548474,220.0,-3.1853565104567036,55.94462727926557,null
100,-3.1853565104567036,55.94462727926557,220.0,-3.1855863237896394,55.94443444298266,null
101,-3.1855863237896394,55.94443444298266,220.0,-3.185816137122575,55.944241606699755,null
102,-3.185816137122575,55.944241606699755,200.0,-3.1860980449088108,55.944139000656754,null
103,-3.1860980449088108,55.944139000656754,190.0,-3.1863934872347146,55.94408690620345,null
104,-3.1863934872347146,55.94408690620345,190.0,-3.1866889295606184,55.94403481175015,null
105,-3.1866889295606184,55.94403481175015,190.0,-3.1869843718865223,55.94398271729685,renew.ears.tend
106,-3.1869843718865223,55.94398271729685,360.0,-3.186684371886522,55.94398271729685,null
107,-3.186684371886522,55.94398271729685,360.0,-3.186384371886522,55.94398271729685,null
108,-3.186384371886522,55.94398271729685,360.0,-3.1860843718865217,55.94398271729685,null
109,-3.1860843718865217,55.94398271729685,360.0,-3.1857843718865215,55.94398271729685,null
110,-3.1857843718865215,55.94398271729685,360.0,-3.1854843718865213,55.94398271729685,manliness.poem.cliff
111,-3.1854843718865213,55.94398271729685,310.0,-3.1852915356036156,55.94375290396391,hello.love.keys
112,-3.1852915356036156,55.94375290396391,310.0,-3.1850986993207098,55.943523090630976,null
113,-3.1850986993207098,55.943523090630976,310.0,-3.184905863037804,55.94329327729804,brings.remedy.latter
114,-3.184905863037804,55.94329327729804,300.0,-3.184755863037804,55.943033469676905,courier.assume.bill
115,-3.184755863037804,55.943033469676905,160.0,-3.1850377708240396,55.943136075719906,null
116,-3.1850377708240396,55.943136075719906,160.0,-3.1853196786102753,55.94323868176291,null
117,-3.1853196786102753,55.94323868176291,160.0,-3.185601586396511,55.94334128780591,null
118,-3.185601586396511,55.94334128780591,160.0,-3.1858834941827467,55.94344389384891,null
119,-3.1858834941827467,55.94344389384891,160.0,-3.1861654019689825,55.94354649989191,null
120,-3.1861654019689825,55.94354649989191,160.0,-3.186447309755218,55.94364910593491,null
121,-3.186447309755218,55.94364910593491,160.0,-3.186729217541454,55.94375171197791,null
122,-3.186729217541454,55.94375171197791,160.0,-3.1870111253276896,55.94385431802091,null
123,-3.1870111253276896,55.94385431802091,160.0,-3.1872930331139253,55.94395692406391,null
124,-3.1872930331139253,55.94395692406391,160.0,-3.187574940900161,55.94405953010691,null
125,-3.187574940900161,55.94405953010691,160.0,-3.1878568486863967,55.94416213614991,null
126,-3.1878568486863967,55.94416213614991,160.0,-3.1881387564726325,55.944264742192914,null
127,-3.1881387564726325,55.944264742192914,140.0,-3.188368569805568,55.94445757847582,null
