1,-3.188396,55.944425,340,-3.1881140922137643,55.944322393957,null
2,-3.1881140922137643,55.944322393957,340,-3.1878321844275286,55.944219787914,null
3,-3.1878321844275286,55.944219787914,340,-3.187550276641293,55.944117181871,null
4,-3.187550276641293,55.944117181871,350,-3.187254834315389,55.9440650874177,null
5,-3.187254834315389,55.9440650874177,350,-3.186959391989485,55.944012992964396,null
6,-3.186959391989485,55.944012992964396,350,-3.1866639496635814,55.943960898511094,null
7,-3.1866639496635814,55.943960898511094,350,-3.1863685073376775,55.94390880405779,null
8,-3.1863685073376775,55.94390880405779,360,-3.1860685073376773,55.94390880405779,teams.mild.played
9,-3.1860685073376773,55.94390880405779,100,-3.1861206017909773,55.9442042463837,null
10,-3.1861206017909773,55.9442042463837,200,-3.186402509577213,55.9441016403407,lime.learns.front
11,-3.186402509577213,55.9441016403407,190,-3.186697951903117,55.944049545887395,null
12,-3.186697951903117,55.944049545887395,190,-3.1869933942290207,55.94399745143409,renew.ears.tend
13,-3.1869933942290207,55.94399745143409,190,-3.1872888365549246,55.94394535698079,null
14,-3.1872888365549246,55.94394535698079,190,-3.1875842788808284,55.94389326252749,begins.spider.drips
15,-3.1875842788808284,55.94389326252749,300,-3.1874342788808283,55.943633454906355,null
16,-3.1874342788808283,55.943633454906355,310,-3.1872414425979225,55.94340364157342,scale.chair.kinds
17,-3.1872414425979225,55.94340364157342,330,-3.186981634976787,55.94325364157342,null
18,-3.186981634976787,55.94325364157342,330,-3.1867218273556515,55.94310364157342,null
19,-3.1867218273556515,55.94310364157342,330,-3.186462019734516,55.942953641573425,null
20,-3.186462019734516,55.942953641573425,320,-3.1862322064015802,55.94276080529052,under.retire.bump
21,-3.1862322064015802,55.94276080529052,190,-3.186527648727484,55.942708710837216,null
22,-3.186527648727484,55.942708710837216,190,-3.186823091053388,55.942656616383914,strut.river.surely
23,-3.186823091053388,55.942656616383914,140,-3.1870529043863236,55.94284945266682,null
24,-3.1870529043863236,55.94284945266682,150,-3.187312712007459,55.94299945266682,null
25,-3.187312712007459,55.94299945266682,140,-3.187542525340395,55.943192288949724,null
26,-3.187542525340395,55.943192288949724,150,-3.1878023329615304,55.94334228894972,null
27,-3.1878023329615304,55.94334228894972,140,-3.188032146294466,55.94353512523263,scare.cubs.resort
28,-3.188032146294466,55.94353512523263,190,-3.18832758862037,55.943483030779326,null
29,-3.18832758862037,55.943483030779326,190,-3.1886230309462738,55.943430936326024,null
30,-3.1886230309462738,55.943430936326024,190,-3.1889184732721776,55.94337884187272,null
31,-3.1889184732721776,55.94337884187272,190,-3.1892139155980814,55.94332674741942,null
32,-3.1892139155980814,55.94332674741942,210,-3.189473723219217,55.94317674741942,null
33,-3.189473723219217,55.94317674741942,210,-3.1897335308403525,55.943026747419424,null
34,-3.1897335308403525,55.943026747419424,210,-3.189993338461488,55.942876747419426,second.launch.miles
35,-3.189993338461488,55.942876747419426,190,-3.190288780787392,55.942824652966124,null
36,-3.190288780787392,55.942824652966124,190,-3.1905842231132957,55.94277255851282,tonic.bliss.cove
37,-3.1905842231132957,55.94277255851282,190,-3.1908796654391995,55.94272046405952,null
38,-3.1908796654391995,55.94272046405952,190,-3.1911751077651034,55.94266836960622,along.spill.limp
39,-3.1911751077651034,55.94266836960622,50,-3.1909822714821976,55.94289818293915,null
40,-3.1909822714821976,55.94289818293915,50,-3.190789435199292,55.94312799627209,relate.chill.vest
41,-3.190789435199292,55.94312799627209,10,-3.190493992873388,55.94318009072539,null
42,-3.190493992873388,55.94318009072539,50,-3.190301156590482,55.94340990405833,arts.dish.scarcely
43,-3.190301156590482,55.94340990405833,80,-3.190249062137182,55.943705346384235,sculpture.shot.melon
44,-3.190249062137182,55.943705346384235,160,-3.190530969923418,55.943807952427235,null
45,-3.190530969923418,55.943807952427235,160,-3.1908128777096536,55.943910558470236,null
46,-3.1908128777096536,55.943910558470236,130,-3.1910057139925594,55.94414037180317,null
47,-3.1910057139925594,55.94414037180317,130,-3.191198550275465,55.94437018513611,null
48,-3.191198550275465,55.94437018513611,130,-3.191391386558371,55.944599998469045,null
49,-3.191391386558371,55.944599998469045,160,-3.1916732943446067,55.944702604512045,null
50,-3.1916732943446067,55.944702604512045,130,-3.1918661306275125,55.94493241784498,null
51,-3.1918661306275125,55.94493241784498,160,-3.192148038413748,55.94503502388798,useful.hike.trades
52,-3.192148038413748,55.94503502388798,20,-3.1918661306275125,55.94513762993098,null
53,-3.1918661306275125,55.94513762993098,10,-3.1915706883016086,55.945189724384285,hills.feels.tunes
54,-3.1915706883016086,55.945189724384285,60,-3.1914206883016085,55.94544953200542,null
55,-3.1914206883016085,55.94544953200542,60,-3.1912706883016084,55.94570933962655,null
56,-3.1912706883016084,55.94570933962655,70,-3.191168082258611,55.94599124741279,simple.rust.audio
57,-3.191168082258611,55.94599124741279,0,-3.1908680822586106,55.94599124741279,null
58,-3.1908680822586106,55.94599124741279,0,-3.1905680822586104,55.94599124741279,null
59,-3.1905680822586104,55.94599124741279,0,-3.1902680822586102,55.94599124741279,null
60,-3.1902680822586102,55.94599124741279,10,-3.1899726399327064,55.946043341866094,love.behind.orchestra
61,-3.1899726399327064,55.946043341866094,360,-3.189672639932706,55.946043341866094,null
62,-3.189672639932706,55.946043341866094,350,-3.1893771976068024,55.94599124741279,coherent.saints.stuck
63,-3.1893771976068024,55.94599124741279,290,-3.1892745915638048,55.94570933962655,museum.spicy.horns
64,-3.1892745915638048,55.94570933962655,310,-3.189081755280899,55.94547952629362,null
65,-3.189081755280899,55.94547952629362,10,-3.188786312954995,55.94553162074692,shady.soft.phones
66,-3.188786312954995,55.94553162074692,10,-3.1884908706290913,55.94558371520022,skills.less.herb
67,-3.1884908706290913,55.94558371520022,240,-3.1886408706290914,55.94532390757909,rooms.lamp.teach
68,-3.1886408706290914,55.94532390757909,200,-3.188922778415327,55.94522130153609,null
69,-3.188922778415327,55.94522130153609,210,-3.1891825860364627,55.94507130153609,number.exist.rate
70,-3.1891825860364627,55.94507130153609,290,-3.189079979993465,55.94478939374985,null
71,-3.189079979993465,55.94478939374985,250,-3.1891825860364627,55.94450748596361,null
72,-3.1891825860364627,55.94450748596361,300,-3.1890325860364626,55.94424767834248,spoon.invest.every
73,-3.1890325860364626,55.94424767834248,10,-3.1887371437105587,55.94429977279578,null
74,-3.1887371437105587,55.94429977279578,10,-3.188441701384655,55.94435186724908,trades.rare.cable
75,-3.188441701384655,55.94435186724908,10,-3.188146259058751,55.944403961702385,null
76,-3.188146259058751,55.944403961702385,10,-3.187850816732847,55.94445605615569,null
77,-3.187850816732847,55.94445605615569,10,-3.1875553744069434,55.94450815060899,null
78,-3.1875553744069434,55.94450815060899,10,-3.1872599320810395,55.94456024506229,only.fairly.rift
79,-3.1872599320810395,55.94456024506229,10,-3.1869644897551357,55.944612339515594,artist.gets.react
80,-3.1869644897551357,55.944612339515594,30,-3.186704682134,55.94476233951559,null
81,-3.186704682134,55.94476233951559,30,-3.1864448745128646,55.94491233951559,laws.merit.bleak
82,-3.1864448745128646,55.94491233951559,130,-3.1866377107957704,55.945142152848526,null
83,-3.1866377107957704,55.945142152848526,130,-3.186830547078676,55.94537196618146,spent.spoon.bolt
84,-3.186830547078676,55.94537196618146,140,-3.187060360411612,55.94556480246437,null
85,-3.187060360411612,55.94556480246437,160,-3.1873422681978476,55.94566740850737,diner.leaves.mutual
86,-3.1873422681978476,55.94566740850737,350,-3.1870468258719438,55.945615314054066,null
87,-3.1870468258719438,55.945615314054066,350,-3.18675138354604,55.945563219600764,null
88,-3.18675138354604,55.945563219600764,350,-3.186455941220136,55.94551112514746,null
89,-3.186455941220136,55.94551112514746,350,-3.1861604988942323,55.94545903069416,null
90,-3.1861604988942323,55.94545903069416,350,-3.1858650565683284,55.94540693624086,null
91,-3.1858650565683284,55.94540693624086,350,-3.1855696142424246,55.945354841787555,null
92,-3.1855696142424246,55.945354841787555,350,-3.1852741719165207,55.94530274733425,null
93,-3.1852741719165207,55.94530274733425,350,-3.184978729590617,55.94525065288095,null
94,-3.184978729590617,55.94525065288095,350,-3.184683287264713,55.94519855842765,settle.title.united
95,-3.184683287264713,55.94519855842765,280,-3.184631192811413,55.94490311610174,null
96,-3.184631192811413,55.94490311610174,260,-3.184683287264713,55.944607673775835,null
97,-3.184683287264713,55.944607673775835,280,-3.184631192811413,55.94431223144993,null
98,-3.184631192811413,55.94431223144993,260,-3.184683287264713,55.94401678912402,rider.mile.lime
99,-3.184683287264713,55.94401678912402,180,-3.1849832872647132,55.94401678912402,null
100,-3.1849832872647132,55.94401678912402,180,-3.1852832872647134,55.94401678912402,null
101,-3.1852832872647134,55.94401678912402,180,-3.1855832872647136,55.94401678912402,null
102,-3.1855832872647136,55.94401678912402,180,-3.185883287264714,55.94401678912402,null
103,-3.185883287264714,55.94401678912402,180,-3.186183287264714,55.94401678912402,null
104,-3.186183287264714,55.94401678912402,180,-3.186483287264714,55.94401678912402,null
105,-3.186483287264714,55.94401678912402,180,-3.1867832872647144,55.94401678912402,null
106,-3.1867832872647144,55.94401678912402,170,-3.187078729590618,55.94406888357732,null
107,-3.187078729590618,55.94406888357732,160,-3.187360637376854,55.944171489620324,null
108,-3.187360637376854,55.944171489620324,160,-3.1876425451630896,55.944274095663324,null
109,-3.1876425451630896,55.944274095663324,160,-3.1879244529493254,55.944376701706325,null
110,-3.1879244529493254,55.944376701706325,160,-3.188206360735561,55.944479307749326,null
