1,-3.188396,55.944425,290,-3.1882933939570024,55.944143092213764,rush.crown.link
2,-3.1882933939570024,55.944143092213764,300,-3.1881433939570023,55.94388328459263,cubs.trucks.help
3,-3.1881433939570023,55.94388328459263,290,-3.1880407879140047,55.94360137680639,scare.cubs.resort
4,-3.1880407879140047,55.94360137680639,50,-3.187847951631099,55.94383119013933,null
5,-3.187847951631099,55.94383119013933,60,-3.187697951631099,55.94409099776046,bound.ends.matter
6,-3.187697951631099,55.94409099776046,50,-3.187505115348193,55.9443208110934,null
7,-3.187505115348193,55.9443208110934,40,-3.1872753020152573,55.944513647376304,only.fairly.rift
8,-3.1872753020152573,55.944513647376304,300,-3.1871253020152572,55.94425383975517,null
9,-3.1871253020152572,55.94425383975517,310,-3.1869324657323514,55.944024026422234,null
10,-3.1869324657323514,55.944024026422234,10,-3.1866370234064476,55.944076120875536,lime.learns.front
11,-3.1866370234064476,55.944076120875536,10,-3.1863415810805438,55.94412821532884,null
12,-3.1863415810805438,55.94412821532884,10,-3.18604613875464,55.94418030978214,organs.shape.fantastic
13,-3.18604613875464,55.94418030978214,260,-3.18609823320794,55.943884867456234,null
14,-3.18609823320794,55.943884867456234,260,-3.18615032766124,55.94358942513033,null
15,-3.18615032766124,55.94358942513033,250,-3.1862529337042376,55.94330751734409,null
16,-3.1862529337042376,55.94330751734409,260,-3.1863050281575376,55.94301207501818,hers.banks.goat
17,-3.1863050281575376,55.94301207501818,280,-3.1862529337042376,55.942716632692274,under.retire.bump
18,-3.1862529337042376,55.942716632692274,30,-3.185993126083102,55.94286663269227,null
19,-3.185993126083102,55.94286663269227,30,-3.1857333184619665,55.94301663269227,toned.deflection.bland
20,-3.1857333184619665,55.94301663269227,30,-3.185473510840831,55.94316663269227,null
21,-3.185473510840831,55.94316663269227,30,-3.1852137032196954,55.943316632692266,null
22,-3.1852137032196954,55.943316632692266,30,-3.18495389559856,55.943466632692264,sentences.sings.modern
23,-3.18495389559856,55.943466632692264,90,-3.18495389559856,55.94376663269227,null
24,-3.18495389559856,55.94376663269227,90,-3.18495389559856,55.94406663269227,null
25,-3.18495389559856,55.94406663269227,90,-3.18495389559856,55.94436663269227,null
26,-3.18495389559856,55.94436663269227,90,-3.18495389559856,55.944666632692275,null
27,-3.18495389559856,55.944666632692275,90,-3.18495389559856,55.94496663269228,null
28,-3.18495389559856,55.94496663269228,100,-3.18500599005186,55.945262075018185,null
29,-3.18500599005186,55.945262075018185,90,-3.18500599005186,55.94556207501819,null
30,-3.18500599005186,55.94556207501819,100,-3.18505808450516,55.945857517344095,rider.aura.bulb
31,-3.18505808450516,55.945857517344095,130,-3.1852509207880657,55.94608733067703,prime.rent.silk
32,-3.1852509207880657,55.94608733067703,190,-3.1855463631139695,55.94603523622373,null
33,-3.1855463631139695,55.94603523622373,180,-3.1858463631139697,55.94603523622373,renew.slows.basket
34,-3.1858463631139697,55.94603523622373,200,-3.1861282709002055,55.94593263018073,null
35,-3.1861282709002055,55.94593263018073,200,-3.186410178686441,55.94583002413773,null
36,-3.186410178686441,55.94583002413773,210,-3.1866699863075767,55.94568002413773,hidden.handle.softly
37,-3.1866699863075767,55.94568002413773,160,-3.1869518940938124,55.94578263018073,null
38,-3.1869518940938124,55.94578263018073,160,-3.187233801880048,55.94588523622373,slips.mass.baking
39,-3.187233801880048,55.94588523622373,170,-3.187529244205952,55.94593733067703,null
40,-3.187529244205952,55.94593733067703,170,-3.187824686531856,55.945989425130335,null
41,-3.187824686531856,55.945989425130335,170,-3.1881201288577596,55.94604151958364,null
42,-3.1881201288577596,55.94604151958364,180,-3.18842012885776,55.94604151958364,boost.radar.stress
43,-3.18842012885776,55.94604151958364,190,-3.1887155711836637,55.945989425130335,null
44,-3.1887155711836637,55.945989425130335,180,-3.189015571183664,55.945989425130335,null
45,-3.189015571183664,55.945989425130335,190,-3.1893110135095677,55.94593733067703,coherent.saints.stuck
46,-3.1893110135095677,55.94593733067703,210,-3.1895708211307032,55.945787330677035,null
47,-3.1895708211307032,55.945787330677035,200,-3.189852728916939,55.945684724634035,null
48,-3.189852728916939,55.945684724634035,210,-3.1901125365380745,55.94553472463404,null
49,-3.1901125365380745,55.94553472463404,200,-3.19039444432431,55.945432118591036,jump.crop.fits
50,-3.19039444432431,55.945432118591036,140,-3.190624257657246,55.94562495487394,null
51,-3.190624257657246,55.94562495487394,150,-3.1908840652783814,55.94577495487394,null
52,-3.1908840652783814,55.94577495487394,140,-3.191113878611317,55.945967791156846,simple.rust.audio
53,-3.191113878611317,55.945967791156846,250,-3.1912164846543147,55.94568588337061,skins.engage.best
54,-3.1912164846543147,55.94568588337061,280,-3.1911643902010147,55.9453904410447,null
55,-3.1911643902010147,55.9453904410447,280,-3.1911122957477147,55.945094998718794,null
56,-3.1911122957477147,55.945094998718794,280,-3.1910602012944147,55.94479955639289,estate.gave.votes
57,-3.1910602012944147,55.94479955639289,270,-3.1910602012944147,55.944499556392884,paying.crowd.weep
58,-3.1910602012944147,55.944499556392884,260,-3.1911122957477147,55.94420411406698,null
59,-3.1911122957477147,55.94420411406698,270,-3.1911122957477147,55.943904114066974,spicy.bunch.shady
60,-3.1911122957477147,55.943904114066974,270,-3.1911122957477147,55.94360411406697,loaf.cheer.slave
61,-3.1911122957477147,55.94360411406697,260,-3.1911643902010147,55.943308671741065,meal.feed.large
62,-3.1911643902010147,55.943308671741065,330,-3.190904582579879,55.94315867174107,relate.chill.vest
63,-3.190904582579879,55.94315867174107,40,-3.1906747692469435,55.94335150802397,null
64,-3.1906747692469435,55.94335150802397,40,-3.190444955914008,55.94354434430688,null
65,-3.190444955914008,55.94354434430688,50,-3.190252119631102,55.943774157639815,sculpture.shot.melon
66,-3.190252119631102,55.943774157639815,290,-3.1901495135881044,55.94349224985358,null
67,-3.1901495135881044,55.94349224985358,290,-3.190046907545107,55.94321034206734,shows.fries.lamp
68,-3.190046907545107,55.94321034206734,10,-3.189751465219203,55.94326243652064,null
69,-3.189751465219203,55.94326243652064,10,-3.189456022893299,55.94331453097394,rents.cone.stove
70,-3.189456022893299,55.94331453097394,310,-3.1892631866103933,55.94308471764101,region.passes.pencil
71,-3.1892631866103933,55.94308471764101,50,-3.1890703503274875,55.94331453097394,null
72,-3.1890703503274875,55.94331453097394,60,-3.1889203503274874,55.94357433859508,labels.hotels.alert
73,-3.1889203503274874,55.94357433859508,90,-3.1889203503274874,55.94387433859508,noted.friday.jams
74,-3.1889203503274874,55.94387433859508,50,-3.1887275140445817,55.944104151928016,null
75,-3.1887275140445817,55.944104151928016,40,-3.188497700711646,55.94429698821092,null
