1,-3.188396,55.944425,100,-3.1884480944533,55.94472044232591,null
2,-3.1884480944533,55.94472044232591,330,-3.1881882868321645,55.94457044232591,null
3,-3.1881882868321645,55.94457044232591,100,-3.1882403812854645,55.94486588465182,null
4,-3.1882403812854645,55.94486588465182,320,-3.188010567952529,55.94467304836891,null
5,-3.188010567952529,55.94467304836891,100,-3.188062662405829,55.94496849069482,agents.mile.crib
6,-3.188062662405829,55.94496849069482,120,-3.188212662405829,55.94522829831595,null
7,-3.188212662405829,55.94522829831595,120,-3.188362662405829,55.94548810593709,null
8,-3.188362662405829,55.94548810593709,220,-3.1885924757387647,55.94529526965418,rooms.lamp.teach
9,-3.1885924757387647,55.94529526965418,140,-3.1888222890717004,55.94548810593709,shady.soft.phones
10,-3.1888222890717004,55.94548810593709,140,-3.189052102404636,55.945680942219994,null
11,-3.189052102404636,55.945680942219994,140,-3.189281915737572,55.9458737785029,coherent.saints.stuck
12,-3.189281915737572,55.9458737785029,180,-3.189581915737572,55.9458737785029,null
13,-3.189581915737572,55.9458737785029,180,-3.189881915737572,55.9458737785029,love.behind.orchestra
14,-3.189881915737572,55.9458737785029,190,-3.190177358063476,55.9458216840496,null
15,-3.190177358063476,55.9458216840496,190,-3.19047280038938,55.945769589596296,null
16,-3.19047280038938,55.945769589596296,190,-3.1907682427152837,55.94571749514299,null
17,-3.1907682427152837,55.94571749514299,190,-3.1910636850411875,55.94566540068969,null
18,-3.1910636850411875,55.94566540068969,200,-3.1913455928274232,55.94556279464669,skins.engage.best
19,-3.1913455928274232,55.94556279464669,290,-3.1912429867844256,55.94528088686045,null
20,-3.1912429867844256,55.94528088686045,290,-3.191140380741428,55.944998979074214,null
21,-3.191140380741428,55.944998979074214,280,-3.191088286288128,55.94470353674831,estate.gave.votes
22,-3.191088286288128,55.94470353674831,280,-3.191036191834828,55.9444080944224,paying.crowd.weep
23,-3.191036191834828,55.9444080944224,260,-3.191088286288128,55.94411265209649,null
24,-3.191088286288128,55.94411265209649,260,-3.191140380741428,55.943817209770586,spicy.bunch.shady
25,-3.191140380741428,55.943817209770586,280,-3.191088286288128,55.94352176744468,loaf.cheer.slave
26,-3.191088286288128,55.94352176744468,260,-3.191140380741428,55.94322632511877,null
27,-3.191140380741428,55.94322632511877,260,-3.191192475194728,55.942930882792865,along.spill.limp
28,-3.191192475194728,55.942930882792865,40,-3.1909626618617923,55.94312371907577,null
29,-3.1909626618617923,55.94312371907577,20,-3.1906807540755566,55.94322632511877,null
30,-3.1906807540755566,55.94322632511877,20,-3.190398846289321,55.94332893116177,null
31,-3.190398846289321,55.94332893116177,20,-3.190116938503085,55.94343153720477,arts.dish.scarcely
32,-3.190116938503085,55.94343153720477,70,-3.1900143324600876,55.94371344499101,null
33,-3.1900143324600876,55.94371344499101,60,-3.1898643324600875,55.943973252612146,cliff.asleep.wedge
34,-3.1898643324600875,55.943973252612146,330,-3.189604524838952,55.94382325261215,burn.spot.across
35,-3.189604524838952,55.94382325261215,260,-3.189656619292252,55.94352781028624,null
36,-3.189656619292252,55.94352781028624,340,-3.1893747115060163,55.94342520424324,rents.cone.stove
37,-3.1893747115060163,55.94342520424324,240,-3.1895247115060164,55.943165396622106,null
38,-3.1895247115060164,55.943165396622106,10,-3.1892292691801125,55.94321749107541,null
39,-3.1892292691801125,55.94321749107541,350,-3.1889338268542087,55.943165396622106,null
40,-3.1889338268542087,55.943165396622106,200,-3.1892157346404444,55.943062790579106,region.passes.pencil
41,-3.1892157346404444,55.943062790579106,10,-3.1889202923145405,55.94311488503241,null
42,-3.1889202923145405,55.94311488503241,20,-3.188638384528305,55.94321749107541,system.speak.guard
43,-3.188638384528305,55.94321749107541,20,-3.188356476742069,55.94332009711841,null
44,-3.188356476742069,55.94332009711841,100,-3.188408571195369,55.943615539444316,null
45,-3.188408571195369,55.943615539444316,10,-3.1881131288694653,55.94366763389762,cubs.trucks.help
46,-3.1881131288694653,55.94366763389762,10,-3.1878176865435615,55.94371972835092,null
47,-3.1878176865435615,55.94371972835092,100,-3.1878697809968615,55.94401517067683,null
48,-3.1878697809968615,55.94401517067683,0,-3.1875697809968613,55.94401517067683,bound.ends.matter
49,-3.1875697809968613,55.94401517067683,120,-3.1877197809968614,55.94427497829796,thank.salsa.brain
50,-3.1877197809968614,55.94427497829796,340,-3.1874378732106257,55.94417237225496,null
51,-3.1874378732106257,55.94417237225496,340,-3.18715596542439,55.94406976621196,null
52,-3.18715596542439,55.94406976621196,350,-3.186860523098486,55.94401767175866,null
53,-3.186860523098486,55.94401767175866,150,-3.1871203307196216,55.944167671758656,null
54,-3.1871203307196216,55.944167671758656,150,-3.187380138340757,55.944317671758654,null
55,-3.187380138340757,55.944317671758654,320,-3.1871503250078215,55.94412483547575,null
56,-3.1871503250078215,55.94412483547575,340,-3.1868684172215858,55.94402222943275,null
57,-3.1868684172215858,55.94402222943275,150,-3.1871282248427213,55.944172229432745,null
58,-3.1871282248427213,55.944172229432745,150,-3.187388032463857,55.94432222943274,null
59,-3.187388032463857,55.94432222943274,320,-3.187158219130921,55.94412939314984,null
60,-3.187158219130921,55.94412939314984,340,-3.1868763113446854,55.944026787106836,null
61,-3.1868763113446854,55.944026787106836,10,-3.1865808690187816,55.94407888156014,null
62,-3.1865808690187816,55.94407888156014,10,-3.1862854266928777,55.94413097601344,null
63,-3.1862854266928777,55.94413097601344,200,-3.1865673344791134,55.94402836997044,null
64,-3.1865673344791134,55.94402836997044,180,-3.1868673344791136,55.94402836997044,null
65,-3.1868673344791136,55.94402836997044,150,-3.187127142100249,55.94417836997044,null
66,-3.187127142100249,55.94417836997044,150,-3.1873869497213847,55.944328369970435,null
67,-3.1873869497213847,55.944328369970435,320,-3.187157136388449,55.94413553368753,null
68,-3.187157136388449,55.94413553368753,340,-3.1868752286022133,55.94403292764453,null
69,-3.1868752286022133,55.94403292764453,10,-3.1865797862763094,55.94408502209783,null
70,-3.1865797862763094,55.94408502209783,10,-3.1862843439504056,55.94413711655113,null
71,-3.1862843439504056,55.94413711655113,200,-3.1865662517366413,55.94403451050813,null
72,-3.1865662517366413,55.94403451050813,180,-3.1868662517366415,55.94403451050813,null
73,-3.1868662517366415,55.94403451050813,10,-3.1865708094107377,55.944086604961434,null
74,-3.1865708094107377,55.944086604961434,10,-3.186275367084834,55.94413869941474,null
75,-3.186275367084834,55.94413869941474,200,-3.1865572748710695,55.944036093371736,null
76,-3.1865572748710695,55.944036093371736,180,-3.1868572748710697,55.944036093371736,null
77,-3.1868572748710697,55.944036093371736,10,-3.186561832545166,55.94408818782504,null
78,-3.186561832545166,55.94408818782504,10,-3.186266390219262,55.94414028227834,null
79,-3.186266390219262,55.94414028227834,200,-3.1865482980054978,55.94403767623534,null
80,-3.1865482980054978,55.94403767623534,180,-3.186848298005498,55.94403767623534,null
81,-3.186848298005498,55.94403767623534,10,-3.186552855679594,55.94408977068864,null
82,-3.186552855679594,55.94408977068864,10,-3.1862574133536903,55.944141865141944,null
83,-3.1862574133536903,55.944141865141944,200,-3.186539321139926,55.94403925909894,null
84,-3.186539321139926,55.94403925909894,180,-3.186839321139926,55.94403925909894,null
85,-3.186839321139926,55.94403925909894,10,-3.1865438788140223,55.944091353552245,null
86,-3.1865438788140223,55.944091353552245,10,-3.1862484364881185,55.94414344800555,null
87,-3.1862484364881185,55.94414344800555,200,-3.186530344274354,55.94404084196255,null
88,-3.186530344274354,55.94404084196255,180,-3.1868303442743544,55.94404084196255,null
89,-3.1868303442743544,55.94404084196255,10,-3.1865349019484506,55.94409293641585,null
90,-3.1865349019484506,55.94409293641585,10,-3.1862394596225467,55.94414503086915,null
91,-3.1862394596225467,55.94414503086915,200,-3.1865213674087824,55.94404242482615,null
92,-3.1865213674087824,55.94404242482615,180,-3.1868213674087826,55.94404242482615,null
93,-3.1868213674087826,55.94404242482615,10,-3.186525925082879,55.94409451927945,null
94,-3.186525925082879,55.94409451927945,10,-3.186230482756975,55.944146613732755,null
95,-3.186230482756975,55.944146613732755,200,-3.1865123905432107,55.944044007689754,null
96,-3.1865123905432107,55.944044007689754,180,-3.186812390543211,55.944044007689754,null
97,-3.186812390543211,55.944044007689754,10,-3.186516948217307,55.94409610214306,null
98,-3.186516948217307,55.94409610214306,10,-3.186221505891403,55.94414819659636,null
99,-3.186221505891403,55.94414819659636,200,-3.186503413677639,55.94404559055336,null
100,-3.186503413677639,55.94404559055336,180,-3.186803413677639,55.94404559055336,null
101,-3.186803413677639,55.94404559055336,10,-3.1865079713517352,55.94409768500666,null
102,-3.1865079713517352,55.94409768500666,10,-3.1862125290258314,55.94414977945996,null
103,-3.1862125290258314,55.94414977945996,200,-3.186494436812067,55.94404717341696,null
104,-3.186494436812067,55.94404717341696,180,-3.1867944368120673,55.94404717341696,null
105,-3.1867944368120673,55.94404717341696,10,-3.1864989944861635,55.944099267870264,null
106,-3.1864989944861635,55.944099267870264,10,-3.1862035521602596,55.944151362323566,null
107,-3.1862035521602596,55.944151362323566,200,-3.1864854599464953,55.944048756280566,null
108,-3.1864854599464953,55.944048756280566,190,-3.186780902272399,55.94399666182726,null
109,-3.186780902272399,55.94399666182726,160,-3.187062810058635,55.944099267870264,null
110,-3.187062810058635,55.944099267870264,140,-3.1872926233915706,55.94429210415317,null
111,-3.1872926233915706,55.94429210415317,140,-3.1875224367245063,55.94448494043608,null
112,-3.1875224367245063,55.94448494043608,10,-3.1872269943986025,55.94453703488938,null
113,-3.1872269943986025,55.94453703488938,10,-3.1869315520726986,55.94458912934268,artist.gets.react
114,-3.1869315520726986,55.94458912934268,10,-3.186636109746795,55.94464122379598,null
115,-3.186636109746795,55.94464122379598,10,-3.186340667420891,55.944693318249286,null
116,-3.186340667420891,55.944693318249286,300,-3.186190667420891,55.94443351062815,null
117,-3.186190667420891,55.94443351062815,300,-3.1860406674208908,55.94417370300702,organs.shape.fantastic
118,-3.1860406674208908,55.94417370300702,190,-3.1863361097467946,55.944121608553715,null
119,-3.1863361097467946,55.944121608553715,200,-3.1866180175330303,55.944019002510714,lime.learns.front
120,-3.1866180175330303,55.944019002510714,360,-3.18631801753303,55.944019002510714,null
121,-3.18631801753303,55.944019002510714,360,-3.18601801753303,55.944019002510714,teams.mild.played
122,-3.18601801753303,55.944019002510714,290,-3.1859154114900323,55.943737094724476,null
123,-3.1859154114900323,55.943737094724476,290,-3.1858128054470347,55.94345518693824,record.sofa.sock
124,-3.1858128054470347,55.94345518693824,220,-3.1860426187799704,55.94326235065533,null
125,-3.1860426187799704,55.94326235065533,230,-3.186235455062876,55.943032537322395,hers.banks.goat
126,-3.186235455062876,55.943032537322395,360,-3.185935455062876,55.943032537322395,null
127,-3.185935455062876,55.943032537322395,360,-3.185635455062876,55.943032537322395,null
128,-3.185635455062876,55.943032537322395,360,-3.1853354550628756,55.943032537322395,null
129,-3.1853354550628756,55.943032537322395,360,-3.1850354550628754,55.943032537322395,null
130,-3.1850354550628754,55.943032537322395,360,-3.1847354550628753,55.943032537322395,courier.assume.bill
131,-3.1847354550628753,55.943032537322395,130,-3.184928291345781,55.94326235065533,null
132,-3.184928291345781,55.94326235065533,120,-3.185078291345781,55.943522158276465,null
133,-3.185078291345781,55.943522158276465,130,-3.185271127628687,55.9437519716094,null
134,-3.185271127628687,55.9437519716094,120,-3.185421127628687,55.944011779230536,null
135,-3.185421127628687,55.944011779230536,130,-3.185613963911593,55.94424159256347,atoms.vanish.foods
136,-3.185613963911593,55.94424159256347,60,-3.1854639639115927,55.944501400184606,null
137,-3.1854639639115927,55.944501400184606,40,-3.185234150578657,55.94469423646751,acid.chair.butter
138,-3.185234150578657,55.94469423646751,40,-3.1850043372457213,55.94488707275042,null
139,-3.1850043372457213,55.94488707275042,40,-3.1847745239127856,55.945079909033325,null
140,-3.1847745239127856,55.945079909033325,40,-3.18454471057985,55.94527274531623,settle.title.united
141,-3.18454471057985,55.94527274531623,160,-3.1848266183660856,55.94537535135923,null
142,-3.1848266183660856,55.94537535135923,150,-3.185086425987221,55.94552535135923,null
143,-3.185086425987221,55.94552535135923,160,-3.185368333773457,55.94562795740223,null
144,-3.185368333773457,55.94562795740223,150,-3.1856281413945924,55.94577795740223,shed.desire.muddy
145,-3.1856281413945924,55.94577795740223,180,-3.1859281413945926,55.94577795740223,null
146,-3.1859281413945926,55.94577795740223,180,-3.1862281413945928,55.94577795740223,posts.kicked.universally
147,-3.1862281413945928,55.94577795740223,190,-3.1865235837204966,55.945725862948926,null
148,-3.1865235837204966,55.945725862948926,190,-3.1868190260464004,55.945673768495624,null
149,-3.1868190260464004,55.945673768495624,180,-3.1871190260464006,55.945673768495624,diner.leaves.mutual
150,-3.1871190260464006,55.945673768495624,190,-3.1874144683723045,55.94562167404232,null
